,EVENTMSGACTIONTYPE,EVENTMSGTYPE,EVENTNUM,GAME_ID,HOMEDESCRIPTION,NEUTRALDESCRIPTION,PCTIMESTRING,PERIOD,PERSON1TYPE,PERSON2TYPE,PERSON3TYPE,PLAYER1_ID,PLAYER1_NAME,PLAYER1_TEAM_ABBREVIATION,PLAYER1_TEAM_CITY,PLAYER1_TEAM_ID,PLAYER1_TEAM_NICKNAME,PLAYER2_ID,PLAYER2_NAME,PLAYER2_TEAM_ABBREVIATION,PLAYER2_TEAM_CITY,PLAYER2_TEAM_ID,PLAYER2_TEAM_NICKNAME,PLAYER3_ID,PLAYER3_NAME,PLAYER3_TEAM_ABBREVIATION,PLAYER3_TEAM_CITY,PLAYER3_TEAM_ID,PLAYER3_TEAM_NICKNAME,SCORE,SCOREMARGIN,VISITORDESCRIPTION,WCTIMESTRING
0,0,12,0,0020401003,,,12:00,1,0,0,0,0,,,,,,0,,,,,,0,,,,,,,,,8:22 PM
1,0,10,1,0020401003,Jump Ball Garnett vs. Magloire: Tip to Hudson,,12:00,1,4,5,4,708,Kevin Garnett,MIN,Minnesota,1610612750.0,Timberwolves,2048,Jamaal Magloire,NOH,New Orleans,1610612740.0,Hornets,1607,Troy Hudson,MIN,Minnesota,1610612750.0,Timberwolves,,,,8:22 PM
2,1,1,2,0020401003,Hudson 22' Jump Shot (2 PTS),,11:46,1,4,0,0,1607,Troy Hudson,MIN,Minnesota,1610612750.0,Timberwolves,0,,,,,,0,,,,,,0 - 2,2,,8:23 PM
3,1,2,3,0020401003,,,11:28,1,5,0,0,136,P.J. Brown,NOH,New Orleans,1610612740.0,Hornets,0,,,,,,0,,,,,,,,MISS Brown 15' Jump Shot,8:23 PM
4,0,4,4,0020401003,,,11:26,1,5,0,0,2747,J.R. Smith,NOH,New Orleans,1610612740.0,Hornets,0,,,,,,0,,,,,,,,Smith REBOUND (Off:1 Def:0),8:23 PM
5,2,6,5,0020401003,Olowokandi S.FOUL (P1.T1),,11:21,1,4,0,1,1709,Michael Olowokandi,MIN,Minnesota,1610612750.0,Timberwolves,0,,,,,,0,,,,,,,,,8:23 PM
6,11,3,6,0020401003,,,11:21,1,5,0,0,2048,Jamaal Magloire,NOH,New Orleans,1610612740.0,Hornets,0,,,,,,0,,,,,,1 - 2,1,Magloire Free Throw 1 of 2 (1 PTS),8:23 PM
7,12,3,7,0020401003,,,11:21,1,5,0,0,2048,Jamaal Magloire,NOH,New Orleans,1610612740.0,Hornets,0,,,,,,0,,,,,,,,MISS Magloire Free Throw 2 of 2,8:24 PM
8,0,4,8,0020401003,Olowokandi REBOUND (Off:0 Def:1),,11:21,1,4,0,0,1709,Michael Olowokandi,MIN,Minnesota,1610612750.0,Timberwolves,0,,,,,,0,,,,,,,,,8:24 PM
9,1,1,9,0020401003,Hudson 20' Jump Shot (4 PTS),,11:05,1,4,0,0,1607,Troy Hudson,MIN,Minnesota,1610612750.0,Timberwolves,0,,,,,,0,,,,,,1 - 4,3,,8:24 PM
10,1,1,10,0020401003,,,10:48,1,5,5,0,136,P.J. Brown,NOH,New Orleans,1610612740.0,Hornets,1924,Lee Nailon,NOH,New Orleans,1610612740.0,Hornets,0,,,,,,3 - 4,1,Brown 15' Jump Shot (2 PTS) (Nailon 1 AST),8:24 PM
11,1,2,11,0020401003,MISS Olowokandi 9' Jump Shot,,10:29,1,4,0,0,1709,Michael Olowokandi,MIN,Minnesota,1610612750.0,Timberwolves,0,,,,,,0,,,,,,,,,8:25 PM
12,0,4,12,0020401003,Hassell REBOUND (Off:1 Def:0),,10:28,1,4,0,0,2239,Trenton Hassell,MIN,Minnesota,1610612750.0,Timberwolves,0,,,,,,0,,,,,,,,,8:25 PM
13,1,1,13,0020401003,Hudson 25' 3PT Jump Shot (7 PTS),,10:15,1,4,0,0,1607,Troy Hudson,MIN,Minnesota,1610612750.0,Timberwolves,0,,,,,,0,,,,,,3 - 7,4,,8:25 PM
14,1,2,14,0020401003,,,9:56,1,5,0,0,2747,J.R. Smith,NOH,New Orleans,1610612740.0,Hornets,0,,,,,,0,,,,,,,,MISS Smith 24' 3PT Jump Shot,8:25 PM
15,0,4,15,0020401003,Hassell REBOUND (Off:1 Def:1),,9:54,1,4,0,0,2239,Trenton Hassell,MIN,Minnesota,1610612750.0,Timberwolves,0,,,,,,0,,,,,,,,,8:25 PM
16,63,2,16,0020401003,MISS Garnett 15' Fadeaway Jumper,,9:43,1,4,0,0,708,Kevin Garnett,MIN,Minnesota,1610612750.0,Timberwolves,0,,,,,,0,,,,,,,,,8:25 PM
17,0,4,17,0020401003,,,9:41,1,5,0,0,2048,Jamaal Magloire,NOH,New Orleans,1610612740.0,Hornets,0,,,,,,0,,,,,,,,Magloire REBOUND (Off:0 Def:1),8:25 PM
18,40,5,18,0020401003,,,9:26,1,5,0,0,2048,Jamaal Magloire,NOH,New Orleans,1610612740.0,Hornets,0,,,,,,0,,,,,,,,Magloire Out of Bounds Lost Ball Turnover (P1.T1),8:26 PM
19,1,1,19,0020401003,Hudson 25' 3PT Jump Shot (10 PTS),,9:11,1,4,0,0,1607,Troy Hudson,MIN,Minnesota,1610612750.0,Timberwolves,0,,,,,,0,,,,,,3 - 10,7,,8:26 PM
20,1,6,20,0020401003,Olowokandi P.FOUL (P2.T2),,8:52,1,4,0,1,1709,Michael Olowokandi,MIN,Minnesota,1610612750.0,Timberwolves,0,,,,,,0,,,,,,,,,8:26 PM
21,0,8,21,0020401003,SUB: Griffin FOR Olowokandi,,8:52,1,4,4,0,1709,Michael Olowokandi,MIN,Minnesota,1610612750.0,Timberwolves,2204,Eddie Griffin,MIN,Minnesota,1610612750.0,Timberwolves,0,,,,,,,,,8:27 PM
22,1,2,22,0020401003,,,8:38,1,5,0,0,1924,Lee Nailon,NOH,New Orleans,1610612740.0,Hornets,0,,,,,,0,,,,,,,,MISS Nailon 14' Jump Shot,8:27 PM
23,0,4,23,0020401003,Griffin REBOUND (Off:0 Def:1),,8:37,1,4,0,0,2204,Eddie Griffin,MIN,Minnesota,1610612750.0,Timberwolves,0,,,,,,0,,,,,,,,,8:27 PM
24,1,1,24,0020401003,Garnett 17' Jump Shot (2 PTS) (Hudson 1 AST),,8:19,1,4,4,0,708,Kevin Garnett,MIN,Minnesota,1610612750.0,Timberwolves,1607,Troy Hudson,MIN,Minnesota,1610612750.0,Timberwolves,0,,,,,,3 - 12,9,,8:28 PM
25,1,6,25,0020401003,Hassell P.FOUL (P1.T3),,7:58,1,4,0,1,2239,Trenton Hassell,MIN,Minnesota,1610612750.0,Timberwolves,0,,,,,,0,,,,,,,,,8:28 PM
26,1,2,26,0020401003,Griffin BLOCK (1 BLK),,7:53,1,5,0,4,2424,Dan Dickau,NOH,New Orleans,1610612740.0,Hornets,0,,,,,,2204,Eddie Griffin,MIN,Minnesota,1610612750.0,Timberwolves,,,MISS Dickau 20' Jump Shot,8:28 PM
27,0,4,27,0020401003,Garnett REBOUND (Off:0 Def:1),,7:51,1,4,0,0,708,Kevin Garnett,MIN,Minnesota,1610612750.0,Timberwolves,0,,,,,,0,,,,,,,,,8:28 PM
28,5,1,28,0020401003,Sprewell  Layup (2 PTS) (Hudson 2 AST),,7:45,1,4,4,0,84,Latrell Sprewell,MIN,Minnesota,1610612750.0,Timberwolves,1607,Troy Hudson,MIN,Minnesota,1610612750.0,Timberwolves,0,,,,,,3 - 14,11,,8:28 PM
29,5,2,29,0020401003,Garnett BLOCK (1 BLK),,7:37,1,5,0,4,1924,Lee Nailon,NOH,New Orleans,1610612740.0,Hornets,0,,,,,,708,Kevin Garnett,MIN,Minnesota,1610612750.0,Timberwolves,,,MISS Nailon  Layup,8:28 PM
30,0,4,30,0020401003,Sprewell REBOUND (Off:0 Def:1),,7:36,1,4,0,0,84,Latrell Sprewell,MIN,Minnesota,1610612750.0,Timberwolves,0,,,,,,0,,,,,,,,,8:28 PM
31,1,2,31,0020401003,MISS Hudson 25' 3PT Jump Shot,,7:28,1,4,0,0,1607,Troy Hudson,MIN,Minnesota,1610612750.0,Timberwolves,0,,,,,,0,,,,,,,,,8:29 PM
32,0,4,32,0020401003,,,7:26,1,5,0,0,1924,Lee Nailon,NOH,New Orleans,1610612740.0,Hornets,0,,,,,,0,,,,,,,,Nailon REBOUND (Off:0 Def:1),8:29 PM
33,5,1,33,0020401003,,,7:16,1,5,5,0,2048,Jamaal Magloire,NOH,New Orleans,1610612740.0,Hornets,2424,Dan Dickau,NOH,New Orleans,1610612740.0,Hornets,0,,,,,,5 - 14,9,Magloire  Layup (3 PTS) (Dickau 1 AST),8:29 PM
34,5,2,34,0020401003,MISS Hudson  Layup,,6:54,1,4,0,5,1607,Troy Hudson,MIN,Minnesota,1610612750.0,Timberwolves,0,,,,,,136,P.J. Brown,NOH,New Orleans,1610612740.0,Hornets,,,Brown BLOCK (1 BLK),8:29 PM
35,0,4,35,0020401003,TIMBERWOLVES Rebound,,6:53,1,2,0,0,1610612750,,,,,,0,,,,,,0,,,,,,,,,8:29 PM
36,1,2,36,0020401003,MISS Garnett 12' Jump Shot,,6:49,1,4,0,0,708,Kevin Garnett,MIN,Minnesota,1610612750.0,Timberwolves,0,,,,,,0,,,,,,,,,8:30 PM
37,0,4,37,0020401003,,,6:46,1,5,0,0,2048,Jamaal Magloire,NOH,New Orleans,1610612740.0,Hornets,0,,,,,,0,,,,,,,,Magloire REBOUND (Off:0 Def:2),8:30 PM
38,5,2,38,0020401003,,,6:29,1,5,0,0,2048,Jamaal Magloire,NOH,New Orleans,1610612740.0,Hornets,0,,,,,,0,,,,,,,,MISS Magloire  Layup,8:30 PM
39,0,4,39,0020401003,Griffin REBOUND (Off:0 Def:2),,6:27,1,4,0,0,2204,Eddie Griffin,MIN,Minnesota,1610612750.0,Timberwolves,0,,,,,,0,,,,,,,,,8:30 PM
40,1,1,40,0020401003,Sprewell 8' Jump Shot (4 PTS) (Garnett 1 AST),,6:15,1,4,4,0,84,Latrell Sprewell,MIN,Minnesota,1610612750.0,Timberwolves,708,Kevin Garnett,MIN,Minnesota,1610612750.0,Timberwolves,0,,,,,,5 - 16,11,,8:30 PM
41,1,9,41,0020401003,,,6:08,1,3,0,0,1610612740,,,,,,0,,,,,,0,,,,,,,,Hornets Timeout: Regular (Reg.1 Short 0),8:30 PM
42,1,2,43,0020401003,,,5:56,1,5,0,0,2747,J.R. Smith,NOH,New Orleans,1610612740.0,Hornets,0,,,,,,0,,,,,,,,MISS Smith 7' Jump Shot,8:33 PM
43,0,4,44,0020401003,,,5:55,1,5,0,0,2048,Jamaal Magloire,NOH,New Orleans,1610612740.0,Hornets,0,,,,,,0,,,,,,,,Magloire REBOUND (Off:1 Def:2),8:33 PM
44,7,1,45,0020401003,,,5:53,1,5,0,0,2048,Jamaal Magloire,NOH,New Orleans,1610612740.0,Hornets,0,,,,,,0,,,,,,7 - 16,9,Magloire  Dunk (5 PTS),8:33 PM
45,1,1,46,0020401003,Hudson 22' Jump Shot (12 PTS),,5:30,1,4,0,0,1607,Troy Hudson,MIN,Minnesota,1610612750.0,Timberwolves,0,,,,,,0,,,,,,7 - 18,11,,8:33 PM
46,4,6,47,0020401003,,,5:15,1,5,0,1,1924,Lee Nailon,NOH,New Orleans,1610612740.0,Hornets,0,,,,,,0,,,,,,,,Nailon OFF.Foul (P1),8:33 PM
47,5,5,48,0020401003,,,5:15,1,5,0,1,1924,Lee Nailon,NOH,New Orleans,1610612740.0,Hornets,0,,,,,,0,,,,,,,,Nailon Foul Turnover (P1.T2),8:33 PM
48,1,1,49,0020401003,Garnett 21' Jump Shot (4 PTS) (Sprewell 1 AST),,5:04,1,4,4,0,708,Kevin Garnett,MIN,Minnesota,1610612750.0,Timberwolves,84,Latrell Sprewell,MIN,Minnesota,1610612750.0,Timberwolves,0,,,,,,7 - 20,13,,8:34 PM
49,15,5,50,0020401003,,,4:43,1,5,0,1,136,P.J. Brown,NOH,New Orleans,1610612740.0,Hornets,0,,,,,,0,,,,,,,,Brown Offensive Goaltending Turnover (P1.T3),8:34 PM
50,0,8,51,0020401003,,,4:43,1,5,5,0,1924,Lee Nailon,NOH,New Orleans,1610612740.0,Hornets,2418,Casey Jacobsen,NOH,New Orleans,1610612740.0,Hornets,0,,,,,,,,SUB: Jacobsen FOR Nailon,8:35 PM
51,0,8,52,0020401003,,,4:43,1,5,5,0,2424,Dan Dickau,NOH,New Orleans,1610612740.0,Hornets,2411,Bostjan Nachbar,NOH,New Orleans,1610612740.0,Hornets,0,,,,,,,,SUB: Nachbar FOR Dickau,8:35 PM
52,1,2,53,0020401003,MISS Sprewell 20' Jump Shot,,4:34,1,4,0,0,84,Latrell Sprewell,MIN,Minnesota,1610612750.0,Timberwolves,0,,,,,,0,,,,,,,,,8:35 PM
53,0,4,54,0020401003,TIMBERWOLVES Rebound,,4:32,1,2,0,0,1610612750,,,,,,0,,,,,,0,,,,,,,,,8:35 PM
54,1,1,55,0020401003,Sprewell 13' Jump Shot (6 PTS) (Hassell 1 AST),,4:30,1,4,4,0,84,Latrell Sprewell,MIN,Minnesota,1610612750.0,Timberwolves,2239,Trenton Hassell,MIN,Minnesota,1610612750.0,Timberwolves,0,,,,,,7 - 22,15,,8:35 PM
55,2,5,56,0020401003,Sprewell STEAL (1 STL),,4:06,1,5,4,0,2747,J.R. Smith,NOH,New Orleans,1610612740.0,Hornets,84,Latrell Sprewell,MIN,Minnesota,1610612750.0,Timberwolves,0,,,,,,,,Smith Lost Ball Turnover (P1.T4),8:36 PM
56,2,5,57,0020401003,Sprewell Lost Ball Turnover (P1.T1),,4:01,1,4,5,0,84,Latrell Sprewell,MIN,Minnesota,1610612750.0,Timberwolves,2747,J.R. Smith,NOH,New Orleans,1610612740.0,Hornets,0,,,,,,,,Smith STEAL (1 STL),8:36 PM
57,5,1,58,0020401003,,,3:55,1,5,5,0,2048,Jamaal Magloire,NOH,New Orleans,1610612740.0,Hornets,2747,J.R. Smith,NOH,New Orleans,1610612740.0,Hornets,0,,,,,,9 - 22,13,Magloire  Layup (7 PTS) (Smith 1 AST),8:36 PM
58,2,6,59,0020401003,Hudson S.FOUL (P1.T4),,3:55,1,4,0,1,1607,Troy Hudson,MIN,Minnesota,1610612750.0,Timberwolves,0,,,,,,0,,,,,,,,,8:36 PM
59,10,3,60,0020401003,,,3:55,1,5,0,0,2048,Jamaal Magloire,NOH,New Orleans,1610612740.0,Hornets,0,,,,,,0,,,,,,10 - 22,12,Magloire Free Throw 1 of 1 (8 PTS),8:36 PM
60,1,2,61,0020401003,MISS Hudson 25' 3PT Jump Shot,,3:45,1,4,0,0,1607,Troy Hudson,MIN,Minnesota,1610612750.0,Timberwolves,0,,,,,,0,,,,,,,,,8:37 PM
61,0,4,62,0020401003,,,3:44,1,5,0,0,2747,J.R. Smith,NOH,New Orleans,1610612740.0,Hornets,0,,,,,,0,,,,,,,,Smith REBOUND (Off:1 Def:1),8:37 PM
62,1,2,63,0020401003,Sprewell BLOCK (1 BLK),,3:34,1,5,0,4,2747,J.R. Smith,NOH,New Orleans,1610612740.0,Hornets,0,,,,,,84,Latrell Sprewell,MIN,Minnesota,1610612750.0,Timberwolves,,,MISS Smith 20' Jump Shot,8:37 PM
63,0,4,64,0020401003,Griffin REBOUND (Off:0 Def:3),,3:32,1,4,0,0,2204,Eddie Griffin,MIN,Minnesota,1610612750.0,Timberwolves,0,,,,,,0,,,,,,,,,8:37 PM
64,2,5,65,0020401003,Griffin Lost Ball Turnover (P1.T2),,3:29,1,4,5,0,2204,Eddie Griffin,MIN,Minnesota,1610612750.0,Timberwolves,2747,J.R. Smith,NOH,New Orleans,1610612740.0,Hornets,0,,,,,,,,Smith STEAL (2 STL),8:37 PM
65,1,2,66,0020401003,,,3:10,1,5,0,0,2048,Jamaal Magloire,NOH,New Orleans,1610612740.0,Hornets,0,,,,,,0,,,,,,,,MISS Magloire 12' Jump Shot,8:37 PM
66,0,4,67,0020401003,Garnett REBOUND (Off:0 Def:2),,3:09,1,4,0,0,708,Kevin Garnett,MIN,Minnesota,1610612750.0,Timberwolves,0,,,,,,0,,,,,,,,,8:37 PM
67,1,1,68,0020401003,Garnett 22' Jump Shot (6 PTS) (Hudson 3 AST),,2:49,1,4,4,0,708,Kevin Garnett,MIN,Minnesota,1610612750.0,Timberwolves,1607,Troy Hudson,MIN,Minnesota,1610612750.0,Timberwolves,0,,,,,,10 - 24,14,,8:37 PM
68,56,1,69,0020401003,,,2:26,1,5,5,0,2048,Jamaal Magloire,NOH,New Orleans,1610612740.0,Hornets,2747,J.R. Smith,NOH,New Orleans,1610612740.0,Hornets,0,,,,,,12 - 24,12,Magloire 4' Running Hook Shot (10 PTS) (Smith 2 AST),8:38 PM
69,5,1,70,0020401003,Hassell  Layup (2 PTS) (Hudson 4 AST),,2:12,1,4,4,0,2239,Trenton Hassell,MIN,Minnesota,1610612750.0,Timberwolves,1607,Troy Hudson,MIN,Minnesota,1610612750.0,Timberwolves,0,,,,,,12 - 26,14,,8:38 PM
70,42,1,71,0020401003,,,1:53,1,5,5,0,2747,J.R. Smith,NOH,New Orleans,1610612740.0,Hornets,136,P.J. Brown,NOH,New Orleans,1610612740.0,Hornets,0,,,,,,14 - 26,12,Smith  Driving Layup (2 PTS) (Brown 1 AST),8:38 PM
71,1,9,72,0020401003,TIMBERWOLVES Timeout: Regular (Full 1 Short 0),,1:44,1,2,0,0,1610612750,,,,,,0,,,,,,0,,,,,,,,,8:39 PM
72,0,8,74,0020401003,SUB: Szczerbiak FOR Sprewell,,1:44,1,4,4,0,84,Latrell Sprewell,MIN,Minnesota,1610612750.0,Timberwolves,1887,Wally Szczerbiak,MIN,Minnesota,1610612750.0,Timberwolves,0,,,,,,,,,8:41 PM
73,0,8,75,0020401003,SUB: Cassell FOR Hudson,,1:44,1,4,4,0,1607,Troy Hudson,MIN,Minnesota,1610612750.0,Timberwolves,208,Sam Cassell,MIN,Minnesota,1610612750.0,Timberwolves,0,,,,,,,,,8:41 PM
74,0,8,76,0020401003,,,1:44,1,5,5,0,2048,Jamaal Magloire,NOH,New Orleans,1610612740.0,Hornets,2561,David West,NOH,New Orleans,1610612740.0,Hornets,0,,,,,,,,SUB: West FOR Magloire,8:41 PM
75,2,6,77,0020401003,,,1:35,1,5,0,1,2561,David West,NOH,New Orleans,1610612740.0,Hornets,0,,,,,,0,,,,,,,,West S.FOUL (P1.T1),8:41 PM
76,0,8,78,0020401003,SUB: Hoiberg FOR Hassell,,1:35,1,4,4,0,2239,Trenton Hassell,MIN,Minnesota,1610612750.0,Timberwolves,697,Fred Hoiberg,MIN,Minnesota,1610612750.0,Timberwolves,0,,,,,,,,,8:41 PM
77,11,3,79,0020401003,Garnett Free Throw 1 of 2 (7 PTS),,1:35,1,4,0,0,708,Kevin Garnett,MIN,Minnesota,1610612750.0,Timberwolves,0,,,,,,0,,,,,,14 - 27,13,,8:41 PM
78,12,3,80,0020401003,Garnett Free Throw 2 of 2 (8 PTS),,1:35,1,4,0,0,708,Kevin Garnett,MIN,Minnesota,1610612750.0,Timberwolves,0,,,,,,0,,,,,,14 - 28,14,,8:42 PM
79,1,2,81,0020401003,,,1:22,1,5,0,0,2411,Bostjan Nachbar,NOH,New Orleans,1610612740.0,Hornets,0,,,,,,0,,,,,,,,MISS Nachbar 25' 3PT Jump Shot,8:42 PM
80,0,4,82,0020401003,Griffin REBOUND (Off:0 Def:4),,1:20,1,4,0,0,2204,Eddie Griffin,MIN,Minnesota,1610612750.0,Timberwolves,0,,,,,,0,,,,,,,,,8:42 PM
81,1,1,83,0020401003,Griffin 25' 3PT Jump Shot (3 PTS) (Garnett 2 AST),,1:07,1,4,4,0,2204,Eddie Griffin,MIN,Minnesota,1610612750.0,Timberwolves,708,Kevin Garnett,MIN,Minnesota,1610612750.0,Timberwolves,0,,,,,,14 - 31,17,,8:42 PM
82,2,5,84,0020401003,Hoiberg STEAL (1 STL),,0:47,1,5,4,0,2747,J.R. Smith,NOH,New Orleans,1610612740.0,Hornets,697,Fred Hoiberg,MIN,Minnesota,1610612750.0,Timberwolves,0,,,,,,,,Smith Lost Ball Turnover (P2.T5),8:43 PM
83,5,1,85,0020401003,Hoiberg  Layup (2 PTS),,0:43,1,4,0,0,697,Fred Hoiberg,MIN,Minnesota,1610612750.0,Timberwolves,0,,,,,,0,,,,,,14 - 33,19,,8:43 PM
84,1,6,86,0020401003,Cassell P.FOUL (P1.PN),,0:28,1,4,0,1,208,Sam Cassell,MIN,Minnesota,1610612750.0,Timberwolves,0,,,,,,0,,,,,,,,,8:43 PM
85,0,8,87,0020401003,SUB: Thomas FOR Garnett,,0:28,1,4,4,0,708,Kevin Garnett,MIN,Minnesota,1610612750.0,Timberwolves,1519,John Thomas,MIN,Minnesota,1610612750.0,Timberwolves,0,,,,,,,,,8:43 PM
86,11,3,88,0020401003,,,0:28,1,5,0,0,2411,Bostjan Nachbar,NOH,New Orleans,1610612740.0,Hornets,0,,,,,,0,,,,,,15 - 33,18,Nachbar Free Throw 1 of 2 (1 PTS),8:43 PM
87,12,3,89,0020401003,,,0:28,1,5,0,0,2411,Bostjan Nachbar,NOH,New Orleans,1610612740.0,Hornets,0,,,,,,0,,,,,,16 - 33,17,Nachbar Free Throw 2 of 2 (2 PTS),8:44 PM
88,2,5,90,0020401003,Thomas Lost Ball Turnover (P1.T3),,0:06,1,4,5,0,1519,John Thomas,MIN,Minnesota,1610612750.0,Timberwolves,2418,Casey Jacobsen,NOH,New Orleans,1610612740.0,Hornets,0,,,,,,,,Jacobsen STEAL (1 STL),8:44 PM
89,1,5,91,0020401003,,,0:02,1,5,0,0,2561,David West,NOH,New Orleans,1610612740.0,Hornets,0,,,,,,0,,,,,,,,West Bad Pass Turnover (P1.T6),8:44 PM
90,1,2,92,0020401003,MISS Cassell 46' 3PT Jump Shot,,0:00,1,4,0,0,208,Sam Cassell,MIN,Minnesota,1610612750.0,Timberwolves,0,,,,,,0,,,,,,,,,8:45 PM
91,0,4,93,0020401003,TIMBERWOLVES Rebound,,0:00,1,2,0,0,1610612750,,,,,,0,,,,,,0,,,,,,,,,8:45 PM
92,0,13,94,0020401003,,,0:00,1,0,0,0,0,,,,,,0,,,,,,0,,,,,,16 - 33,17,,8:45 PM
93,0,12,96,0020401003,,,12:00,2,0,0,0,0,,,,,,0,,,,,,0,,,,,,16 - 33,17,,8:47 PM
94,1,1,97,0020401003,,,11:45,2,5,5,0,2418,Casey Jacobsen,NOH,New Orleans,1610612740.0,Hornets,2048,Jamaal Magloire,NOH,New Orleans,1610612740.0,Hornets,0,,,,,,19 - 33,14,Jacobsen 24' 3PT Jump Shot (3 PTS) (Magloire 1 AST),8:47 PM
95,1,2,98,0020401003,MISS Cassell 15' Jump Shot,,11:28,2,4,0,0,208,Sam Cassell,MIN,Minnesota,1610612750.0,Timberwolves,0,,,,,,0,,,,,,,,,8:48 PM
96,0,4,99,0020401003,,,11:26,2,5,0,0,2418,Casey Jacobsen,NOH,New Orleans,1610612740.0,Hornets,0,,,,,,0,,,,,,,,Jacobsen REBOUND (Off:0 Def:1),8:48 PM
97,1,6,100,0020401003,Thomas P.FOUL (P1.T1),,11:22,2,4,0,1,1519,John Thomas,MIN,Minnesota,1610612750.0,Timberwolves,0,,,,,,0,,,,,,,,,8:48 PM
98,5,2,101,0020401003,,,11:09,2,5,0,0,2561,David West,NOH,New Orleans,1610612740.0,Hornets,0,,,,,,0,,,,,,,,MISS West  Layup,8:48 PM
99,0,4,102,0020401003,Cassell REBOUND (Off:0 Def:1),,11:07,2,4,0,0,208,Sam Cassell,MIN,Minnesota,1610612750.0,Timberwolves,0,,,,,,0,,,,,,,,,8:48 PM
100,1,1,103,0020401003,Cassell 16' Jump Shot (2 PTS),,10:58,2,4,0,0,208,Sam Cassell,MIN,Minnesota,1610612750.0,Timberwolves,0,,,,,,0,,,,,,19 - 35,16,,8:48 PM
101,1,2,104,0020401003,,,10:41,2,5,0,0,2411,Bostjan Nachbar,NOH,New Orleans,1610612740.0,Hornets,0,,,,,,0,,,,,,,,MISS Nachbar 22' Jump Shot,8:49 PM
102,0,4,105,0020401003,Griffin REBOUND (Off:0 Def:5),,10:40,2,4,0,0,2204,Eddie Griffin,MIN,Minnesota,1610612750.0,Timberwolves,0,,,,,,0,,,,,,,,,8:49 PM
103,1,1,106,0020401003,Griffin 23' Jump Shot (5 PTS) (Cassell 1 AST),,10:33,2,4,4,0,2204,Eddie Griffin,MIN,Minnesota,1610612750.0,Timberwolves,208,Sam Cassell,MIN,Minnesota,1610612750.0,Timberwolves,0,,,,,,19 - 37,18,,8:49 PM
104,1,1,107,0020401003,,,10:04,2,5,5,0,2424,Dan Dickau,NOH,New Orleans,1610612740.0,Hornets,2418,Casey Jacobsen,NOH,New Orleans,1610612740.0,Hornets,0,,,,,,22 - 37,15,Dickau 25' 3PT Jump Shot (3 PTS) (Jacobsen 1 AST),8:50 PM
105,1,1,108,0020401003,Cassell 20' Jump Shot (4 PTS),,9:49,2,4,0,0,208,Sam Cassell,MIN,Minnesota,1610612750.0,Timberwolves,0,,,,,,0,,,,,,22 - 39,17,,8:50 PM
106,5,1,109,0020401003,,,9:29,2,5,5,0,2048,Jamaal Magloire,NOH,New Orleans,1610612740.0,Hornets,2561,David West,NOH,New Orleans,1610612740.0,Hornets,0,,,,,,24 - 39,15,Magloire  Layup (12 PTS) (West 1 AST),8:50 PM
107,4,6,110,0020401003,Szczerbiak OFF.Foul (P1),,9:15,2,4,0,1,1887,Wally Szczerbiak,MIN,Minnesota,1610612750.0,Timberwolves,0,,,,,,0,,,,,,,,,8:50 PM
108,5,5,111,0020401003,Szczerbiak Foul Turnover (P1.T4),,9:15,2,4,0,1,1887,Wally Szczerbiak,MIN,Minnesota,1610612750.0,Timberwolves,0,,,,,,0,,,,,,,,,8:50 PM
109,5,2,112,0020401003,,,9:03,2,5,0,0,2561,David West,NOH,New Orleans,1610612740.0,Hornets,0,,,,,,0,,,,,,,,MISS West  Layup,8:51 PM
110,0,4,113,0020401003,Cassell REBOUND (Off:0 Def:2),,9:02,2,4,0,0,208,Sam Cassell,MIN,Minnesota,1610612750.0,Timberwolves,0,,,,,,0,,,,,,,,,8:51 PM
111,1,2,114,0020401003,MISS Griffin 17' Jump Shot,,8:55,2,4,0,0,2204,Eddie Griffin,MIN,Minnesota,1610612750.0,Timberwolves,0,,,,,,0,,,,,,,,,8:51 PM
112,0,4,115,0020401003,Griffin REBOUND (Off:1 Def:5),,8:54,2,4,0,0,2204,Eddie Griffin,MIN,Minnesota,1610612750.0,Timberwolves,0,,,,,,0,,,,,,,,,8:51 PM
113,1,1,116,0020401003,Hoiberg 25' 3PT Jump Shot (5 PTS) (Szczerbiak 1 AST),,8:49,2,4,4,0,697,Fred Hoiberg,MIN,Minnesota,1610612750.0,Timberwolves,1887,Wally Szczerbiak,MIN,Minnesota,1610612750.0,Timberwolves,0,,,,,,24 - 42,18,,8:51 PM
114,1,1,117,0020401003,,,8:30,2,5,5,0,2411,Bostjan Nachbar,NOH,New Orleans,1610612740.0,Hornets,2424,Dan Dickau,NOH,New Orleans,1610612740.0,Hornets,0,,,,,,27 - 42,15,Nachbar 24' 3PT Jump Shot (5 PTS) (Dickau 2 AST),8:51 PM
115,1,2,118,0020401003,MISS Szczerbiak 20' Jump Shot,,8:07,2,4,0,0,1887,Wally Szczerbiak,MIN,Minnesota,1610612750.0,Timberwolves,0,,,,,,0,,,,,,,,,8:52 PM
116,0,4,119,0020401003,,,8:05,2,5,0,0,2048,Jamaal Magloire,NOH,New Orleans,1610612740.0,Hornets,0,,,,,,0,,,,,,,,Magloire REBOUND (Off:1 Def:3),8:52 PM
117,1,2,120,0020401003,,,7:52,2,5,0,0,2411,Bostjan Nachbar,NOH,New Orleans,1610612740.0,Hornets,0,,,,,,0,,,,,,,,MISS Nachbar 25' 3PT Jump Shot,8:52 PM
118,0,4,121,0020401003,,,7:50,2,5,0,0,2048,Jamaal Magloire,NOH,New Orleans,1610612740.0,Hornets,0,,,,,,0,,,,,,,,Magloire REBOUND (Off:2 Def:3),8:52 PM
119,2,6,122,0020401003,Griffin S.FOUL (P1.T2),,7:44,2,4,0,1,2204,Eddie Griffin,MIN,Minnesota,1610612750.0,Timberwolves,0,,,,,,0,,,,,,,,,8:52 PM
120,1,9,123,0020401003,,,7:44,2,1,0,0,0,,,,,,0,,,,,,0,,,,,,,,,8:52 PM
121,0,8,125,0020401003,SUB: Olowokandi FOR Griffin,,7:44,2,4,4,0,2204,Eddie Griffin,MIN,Minnesota,1610612750.0,Timberwolves,1709,Michael Olowokandi,MIN,Minnesota,1610612750.0,Timberwolves,0,,,,,,,,,8:54 PM
122,11,3,126,0020401003,,,7:44,2,5,0,0,2048,Jamaal Magloire,NOH,New Orleans,1610612740.0,Hornets,0,,,,,,0,,,,,,28 - 42,14,Magloire Free Throw 1 of 2 (13 PTS),8:55 PM
123,12,3,127,0020401003,,,7:44,2,5,0,0,2048,Jamaal Magloire,NOH,New Orleans,1610612740.0,Hornets,0,,,,,,0,,,,,,29 - 42,13,Magloire Free Throw 2 of 2 (14 PTS),8:55 PM
124,1,1,128,0020401003,Cassell 21' Jump Shot (6 PTS) (Szczerbiak 2 AST),,7:21,2,4,4,0,208,Sam Cassell,MIN,Minnesota,1610612750.0,Timberwolves,1887,Wally Szczerbiak,MIN,Minnesota,1610612750.0,Timberwolves,0,,,,,,29 - 44,15,,8:55 PM
125,2,5,129,0020401003,Szczerbiak STEAL (1 STL),,6:58,2,5,4,0,2418,Casey Jacobsen,NOH,New Orleans,1610612740.0,Hornets,1887,Wally Szczerbiak,MIN,Minnesota,1610612750.0,Timberwolves,0,,,,,,,,Jacobsen Lost Ball Turnover (P1.T7),8:56 PM
126,8,1,130,0020401003,Szczerbiak  Slam Dunk (2 PTS) (Cassell 2 AST),,6:53,2,4,4,0,1887,Wally Szczerbiak,MIN,Minnesota,1610612750.0,Timberwolves,208,Sam Cassell,MIN,Minnesota,1610612750.0,Timberwolves,0,,,,,,29 - 46,17,,8:56 PM
127,3,2,131,0020401003,,,6:33,2,5,0,0,2048,Jamaal Magloire,NOH,New Orleans,1610612740.0,Hornets,0,,,,,,0,,,,,,,,MISS Magloire 6' Hook Shot,8:56 PM
128,0,4,132,0020401003,,,6:30,2,5,0,0,2048,Jamaal Magloire,NOH,New Orleans,1610612740.0,Hornets,0,,,,,,0,,,,,,,,Magloire REBOUND (Off:3 Def:3),8:56 PM
129,1,2,133,0020401003,,,6:27,2,5,0,0,2418,Casey Jacobsen,NOH,New Orleans,1610612740.0,Hornets,0,,,,,,0,,,,,,,,MISS Jacobsen 24' 3PT Jump Shot,8:56 PM
130,0,4,134,0020401003,,,6:25,2,5,0,0,2424,Dan Dickau,NOH,New Orleans,1610612740.0,Hornets,0,,,,,,0,,,,,,,,Dickau REBOUND (Off:1 Def:0),8:56 PM
131,1,2,135,0020401003,,,6:23,2,5,0,0,2424,Dan Dickau,NOH,New Orleans,1610612740.0,Hornets,0,,,,,,0,,,,,,,,MISS Dickau  3PT Jump Shot,8:56 PM
132,0,4,136,0020401003,Hoiberg REBOUND (Off:0 Def:1),,6:21,2,4,0,0,697,Fred Hoiberg,MIN,Minnesota,1610612750.0,Timberwolves,0,,,,,,0,,,,,,,,,8:56 PM
133,5,2,137,0020401003,MISS Thomas  Layup,,6:17,2,4,0,5,1519,John Thomas,MIN,Minnesota,1610612750.0,Timberwolves,0,,,,,,2411,Bostjan Nachbar,NOH,New Orleans,1610612740.0,Hornets,,,Nachbar BLOCK (1 BLK),8:57 PM
134,0,4,138,0020401003,,,6:16,2,5,0,0,2048,Jamaal Magloire,NOH,New Orleans,1610612740.0,Hornets,0,,,,,,0,,,,,,,,Magloire REBOUND (Off:3 Def:4),8:57 PM
135,1,6,139,0020401003,Cassell P.FOUL (P2.T3),,6:14,2,4,0,1,208,Sam Cassell,MIN,Minnesota,1610612750.0,Timberwolves,0,,,,,,0,,,,,,,,,8:57 PM
136,0,8,140,0020401003,,,6:14,2,5,5,0,2411,Bostjan Nachbar,NOH,New Orleans,1610612740.0,Hornets,1924,Lee Nailon,NOH,New Orleans,1610612740.0,Hornets,0,,,,,,,,SUB: Nailon FOR Nachbar,8:57 PM
137,0,8,141,0020401003,,,6:14,2,5,5,0,2418,Casey Jacobsen,NOH,New Orleans,1610612740.0,Hornets,2747,J.R. Smith,NOH,New Orleans,1610612740.0,Hornets,0,,,,,,,,SUB: Smith FOR Jacobsen,8:57 PM
138,0,8,142,0020401003,,,6:00,2,5,5,0,2561,David West,NOH,New Orleans,1610612740.0,Hornets,136,P.J. Brown,NOH,New Orleans,1610612740.0,Hornets,0,,,,,,,,SUB: Brown FOR West,8:57 PM
139,1,1,143,0020401003,,,5:52,2,5,5,0,2747,J.R. Smith,NOH,New Orleans,1610612740.0,Hornets,2424,Dan Dickau,NOH,New Orleans,1610612740.0,Hornets,0,,,,,,32 - 46,14,Smith 25' 3PT Jump Shot (5 PTS) (Dickau 3 AST),8:58 PM
140,7,1,144,0020401003,Thomas  Dunk (2 PTS) (Szczerbiak 3 AST),,5:32,2,4,4,0,1519,John Thomas,MIN,Minnesota,1610612750.0,Timberwolves,1887,Wally Szczerbiak,MIN,Minnesota,1610612750.0,Timberwolves,0,,,,,,32 - 48,16,,8:58 PM
141,1,9,145,0020401003,TIMBERWOLVES Timeout: Regular (Full 2 Short 0),,5:19,2,2,0,0,1610612750,,,,,,0,,,,,,0,,,,,,,,,8:58 PM
142,0,8,167,0020401003,SUB: Hudson FOR Cassell,,5:19,2,4,4,0,208,Sam Cassell,MIN,Minnesota,1610612750.0,Timberwolves,1607,Troy Hudson,MIN,Minnesota,1610612750.0,Timberwolves,0,,,,,,,,,8:59 PM
143,0,8,147,0020401003,SUB: Garnett FOR Thomas,,5:19,2,4,4,0,1519,John Thomas,MIN,Minnesota,1610612750.0,Timberwolves,708,Kevin Garnett,MIN,Minnesota,1610612750.0,Timberwolves,0,,,,,,,,,9:00 PM
144,1,2,148,0020401003,,,5:06,2,5,0,0,2424,Dan Dickau,NOH,New Orleans,1610612740.0,Hornets,0,,,,,,0,,,,,,,,MISS Dickau 13' Jump Shot,9:01 PM
145,0,4,149,0020401003,,,5:05,2,3,0,0,1610612740,,,,,,0,,,,,,0,,,,,,,,Hornets Rebound,9:01 PM
146,11,5,150,0020401003,,,5:05,2,3,0,1,1610612740,,,,,,0,,,,,,0,,,,,,,,Hornets Turnover: Shot Clock (T#8),9:01 PM
147,1,1,151,0020401003,Hoiberg 21' Jump Shot (7 PTS) (Garnett 3 AST),,4:54,2,4,4,0,697,Fred Hoiberg,MIN,Minnesota,1610612750.0,Timberwolves,708,Kevin Garnett,MIN,Minnesota,1610612750.0,Timberwolves,0,,,,,,32 - 50,18,,9:01 PM
148,1,2,152,0020401003,,,4:37,2,5,0,0,1924,Lee Nailon,NOH,New Orleans,1610612740.0,Hornets,0,,,,,,0,,,,,,,,MISS Nailon 15' Jump Shot,9:02 PM
149,0,4,153,0020401003,,,4:36,2,3,0,0,1610612740,,,,,,0,,,,,,0,,,,,,,,Hornets Rebound,9:02 PM
150,3,6,154,0020401003,Olowokandi L.B.FOUL (P3.T4),,4:36,2,4,0,1,1709,Michael Olowokandi,MIN,Minnesota,1610612750.0,Timberwolves,0,,,,,,0,,,,,,,,,9:02 PM
151,0,8,155,0020401003,SUB: Griffin FOR Olowokandi,,4:36,2,4,4,0,1709,Michael Olowokandi,MIN,Minnesota,1610612750.0,Timberwolves,2204,Eddie Griffin,MIN,Minnesota,1610612750.0,Timberwolves,0,,,,,,,,,9:02 PM
152,1,2,156,0020401003,,,4:30,2,5,0,0,2747,J.R. Smith,NOH,New Orleans,1610612740.0,Hornets,0,,,,,,0,,,,,,,,MISS Smith 26' 3PT Jump Shot,9:02 PM
153,0,4,157,0020401003,Garnett REBOUND (Off:0 Def:3),,4:28,2,4,0,0,708,Kevin Garnett,MIN,Minnesota,1610612750.0,Timberwolves,0,,,,,,0,,,,,,,,,9:02 PM
154,4,6,158,0020401003,Griffin OFF.Foul (P2),,4:16,2,4,0,1,2204,Eddie Griffin,MIN,Minnesota,1610612750.0,Timberwolves,0,,,,,,0,,,,,,,,,9:02 PM
155,5,5,159,0020401003,Griffin Foul Turnover (P2.T5),,4:16,2,4,0,1,2204,Eddie Griffin,MIN,Minnesota,1610612750.0,Timberwolves,0,,,,,,0,,,,,,,,,9:02 PM
156,1,2,160,0020401003,,,4:08,2,5,0,0,1924,Lee Nailon,NOH,New Orleans,1610612740.0,Hornets,0,,,,,,0,,,,,,,,MISS Nailon 5' Jump Shot,9:03 PM
157,0,4,161,0020401003,,,4:06,2,5,0,0,2048,Jamaal Magloire,NOH,New Orleans,1610612740.0,Hornets,0,,,,,,0,,,,,,,,Magloire REBOUND (Off:4 Def:4),9:03 PM
158,5,2,162,0020401003,Garnett BLOCK (2 BLK),,4:05,2,5,0,4,2048,Jamaal Magloire,NOH,New Orleans,1610612740.0,Hornets,0,,,,,,708,Kevin Garnett,MIN,Minnesota,1610612750.0,Timberwolves,,,MISS Magloire  Layup,9:03 PM
159,0,4,163,0020401003,,,4:03,2,5,0,0,1924,Lee Nailon,NOH,New Orleans,1610612740.0,Hornets,0,,,,,,0,,,,,,,,Nailon REBOUND (Off:1 Def:1),9:03 PM
160,5,2,164,0020401003,,,4:00,2,5,0,0,1924,Lee Nailon,NOH,New Orleans,1610612740.0,Hornets,0,,,,,,0,,,,,,,,MISS Nailon  Layup,9:03 PM
161,0,4,165,0020401003,Garnett REBOUND (Off:0 Def:4),,3:59,2,4,0,0,708,Kevin Garnett,MIN,Minnesota,1610612750.0,Timberwolves,0,,,,,,0,,,,,,,,,9:03 PM
162,1,1,166,0020401003,Szczerbiak 4' Jump Shot (4 PTS),,3:56,2,4,0,0,1887,Wally Szczerbiak,MIN,Minnesota,1610612750.0,Timberwolves,0,,,,,,0,,,,,,32 - 52,20,,9:03 PM
163,44,2,168,0020401003,,,3:38,2,5,0,0,2424,Dan Dickau,NOH,New Orleans,1610612740.0,Hornets,0,,,,,,0,,,,,,,,MISS Dickau  Reverse Layup,9:03 PM
164,0,4,169,0020401003,Garnett REBOUND (Off:0 Def:5),,3:36,2,4,0,0,708,Kevin Garnett,MIN,Minnesota,1610612750.0,Timberwolves,0,,,,,,0,,,,,,,,,9:03 PM
165,1,2,170,0020401003,MISS Hoiberg  3PT Jump Shot,,3:22,2,4,0,0,697,Fred Hoiberg,MIN,Minnesota,1610612750.0,Timberwolves,0,,,,,,0,,,,,,,,,9:04 PM
166,0,4,171,0020401003,,,3:21,2,5,0,0,2048,Jamaal Magloire,NOH,New Orleans,1610612740.0,Hornets,0,,,,,,0,,,,,,,,Magloire REBOUND (Off:4 Def:5),9:04 PM
167,5,2,172,0020401003,,,3:13,2,5,0,0,2424,Dan Dickau,NOH,New Orleans,1610612740.0,Hornets,0,,,,,,0,,,,,,,,MISS Dickau  Layup,9:04 PM
168,0,4,174,0020401003,,,3:12,2,5,0,0,136,P.J. Brown,NOH,New Orleans,1610612740.0,Hornets,0,,,,,,0,,,,,,,,Brown REBOUND (Off:1 Def:0),9:04 PM
169,4,1,173,0020401003,,,3:12,2,5,0,0,136,P.J. Brown,NOH,New Orleans,1610612740.0,Hornets,0,,,,,,0,,,,,,34 - 52,18,Brown  Tip Shot (4 PTS),9:04 PM
170,5,2,175,0020401003,MISS Hoiberg  Layup,,2:54,2,4,0,0,697,Fred Hoiberg,MIN,Minnesota,1610612750.0,Timberwolves,0,,,,,,0,,,,,,,,,9:04 PM
171,0,4,176,0020401003,,,2:53,2,5,0,0,2747,J.R. Smith,NOH,New Orleans,1610612740.0,Hornets,0,,,,,,0,,,,,,,,Smith REBOUND (Off:1 Def:2),9:04 PM
172,42,1,177,0020401003,,,2:44,2,5,0,0,2747,J.R. Smith,NOH,New Orleans,1610612740.0,Hornets,0,,,,,,0,,,,,,36 - 52,16,Smith  Driving Layup (7 PTS),9:04 PM
173,17,6,178,0020401003,,,2:31,2,5,0,1,2424,Dan Dickau,NOH,New Orleans,1610612740.0,Hornets,0,,,,,,0,,,,,,,,Hornets T.Foul (Def. 3 Sec Dickau ),9:04 PM
174,1,9,179,0020401003,,,2:31,2,3,0,0,1610612740,,,,,,0,,,,,,0,,,,,,,,Hornets Timeout: Regular (Reg.2 Short 0),9:05 PM
175,0,8,182,0020401003,,,2:31,2,5,5,0,2048,Jamaal Magloire,NOH,New Orleans,1610612740.0,Hornets,2561,David West,NOH,New Orleans,1610612740.0,Hornets,0,,,,,,,,SUB: West FOR Magloire,9:07 PM
176,16,3,183,0020401003,Hoiberg Free Throw Technical (8 PTS),,2:31,2,4,0,0,697,Fred Hoiberg,MIN,Minnesota,1610612750.0,Timberwolves,0,,,,,,0,,,,,,36 - 53,17,,9:07 PM
177,0,8,184,0020401003,SUB: Sprewell FOR Hoiberg,,2:31,2,4,4,0,697,Fred Hoiberg,MIN,Minnesota,1610612750.0,Timberwolves,84,Latrell Sprewell,MIN,Minnesota,1610612750.0,Timberwolves,0,,,,,,,,,9:07 PM
178,1,5,185,0020401003,Sprewell Bad Pass Turnover (P2.T6),,2:22,2,4,5,0,84,Latrell Sprewell,MIN,Minnesota,1610612750.0,Timberwolves,2424,Dan Dickau,NOH,New Orleans,1610612740.0,Hornets,0,,,,,,,,Dickau STEAL (1 STL),9:08 PM
179,52,1,186,0020401003,,,2:18,2,5,5,0,2747,J.R. Smith,NOH,New Orleans,1610612740.0,Hornets,2424,Dan Dickau,NOH,New Orleans,1610612740.0,Hornets,0,,,,,,38 - 53,15,Smith  Alley Oop Dunk (9 PTS) (Dickau 4 AST),9:08 PM
180,2,6,187,0020401003,,,1:59,2,5,0,1,136,P.J. Brown,NOH,New Orleans,1610612740.0,Hornets,0,,,,,,0,,,,,,,,Brown S.FOUL (P1.T1),9:08 PM
181,11,3,188,0020401003,Garnett Free Throw 1 of 2 (9 PTS),,1:59,2,4,0,0,708,Kevin Garnett,MIN,Minnesota,1610612750.0,Timberwolves,0,,,,,,0,,,,,,38 - 54,16,,9:08 PM
182,12,3,189,0020401003,Garnett Free Throw 2 of 2 (10 PTS),,1:59,2,4,0,0,708,Kevin Garnett,MIN,Minnesota,1610612750.0,Timberwolves,0,,,,,,0,,,,,,38 - 55,17,,9:08 PM
183,1,1,190,0020401003,,,1:46,2,5,0,0,1924,Lee Nailon,NOH,New Orleans,1610612740.0,Hornets,0,,,,,,0,,,,,,40 - 55,15,Nailon 17' Jump Shot (2 PTS),9:09 PM
184,1,6,191,0020401003,,,1:36,2,5,0,1,136,P.J. Brown,NOH,New Orleans,1610612740.0,Hornets,0,,,,,,0,,,,,,,,Brown P.FOUL (P2.PN),9:09 PM
185,11,3,192,0020401003,Garnett Free Throw 1 of 2 (11 PTS),,1:36,2,4,0,0,708,Kevin Garnett,MIN,Minnesota,1610612750.0,Timberwolves,0,,,,,,0,,,,,,40 - 56,16,,9:09 PM
186,12,3,193,0020401003,Garnett Free Throw 2 of 2 (12 PTS),,1:36,2,4,0,0,708,Kevin Garnett,MIN,Minnesota,1610612750.0,Timberwolves,0,,,,,,0,,,,,,40 - 57,17,,9:10 PM
187,1,1,194,0020401003,,,1:16,2,5,5,0,136,P.J. Brown,NOH,New Orleans,1610612740.0,Hornets,2424,Dan Dickau,NOH,New Orleans,1610612740.0,Hornets,0,,,,,,42 - 57,15,Brown 16' Jump Shot (6 PTS) (Dickau 5 AST),9:10 PM
188,2,6,195,0020401003,,,0:58,2,5,0,1,2424,Dan Dickau,NOH,New Orleans,1610612740.0,Hornets,0,,,,,,0,,,,,,,,Dickau S.FOUL (P1.PN),9:11 PM
189,11,3,196,0020401003,Hudson Free Throw 1 of 2 (13 PTS),,0:58,2,4,0,0,1607,Troy Hudson,MIN,Minnesota,1610612750.0,Timberwolves,0,,,,,,0,,,,,,42 - 58,16,,9:11 PM
190,0,8,197,0020401003,SUB: Thomas FOR Griffin,,0:58,2,4,4,0,2204,Eddie Griffin,MIN,Minnesota,1610612750.0,Timberwolves,1519,John Thomas,MIN,Minnesota,1610612750.0,Timberwolves,0,,,,,,,,,9:11 PM
191,12,3,198,0020401003,Hudson Free Throw 2 of 2 (14 PTS),,0:58,2,4,0,0,1607,Troy Hudson,MIN,Minnesota,1610612750.0,Timberwolves,0,,,,,,0,,,,,,42 - 59,17,,9:11 PM
192,2,6,199,0020401003,Hudson S.FOUL (P2.PN),,0:47,2,4,0,1,1607,Troy Hudson,MIN,Minnesota,1610612750.0,Timberwolves,0,,,,,,0,,,,,,,,,9:11 PM
193,11,3,200,0020401003,,,0:47,2,5,0,0,2424,Dan Dickau,NOH,New Orleans,1610612740.0,Hornets,0,,,,,,0,,,,,,,,MISS Dickau Free Throw 1 of 2,9:12 PM
194,1,4,201,0020401003,,,0:47,2,3,0,0,1610612740,,,,,,0,,,,,,0,,,,,,,,Hornets Rebound,9:12 PM
195,12,3,202,0020401003,,,0:47,2,5,0,0,2424,Dan Dickau,NOH,New Orleans,1610612740.0,Hornets,0,,,,,,0,,,,,,43 - 59,16,Dickau Free Throw 2 of 2 (4 PTS),9:12 PM
196,1,5,203,0020401003,Hudson Bad Pass Turnover (P1.T7),,0:30,2,4,5,0,1607,Troy Hudson,MIN,Minnesota,1610612750.0,Timberwolves,2424,Dan Dickau,NOH,New Orleans,1610612740.0,Hornets,0,,,,,,,,Dickau STEAL (2 STL),9:12 PM
197,5,2,204,0020401003,,,0:23,2,5,0,0,2561,David West,NOH,New Orleans,1610612740.0,Hornets,0,,,,,,0,,,,,,,,MISS West  Layup,9:13 PM
198,0,4,206,0020401003,,,0:22,2,5,0,0,2561,David West,NOH,New Orleans,1610612740.0,Hornets,0,,,,,,0,,,,,,,,West REBOUND (Off:1 Def:0),9:13 PM
199,5,2,207,0020401003,,,0:20,2,5,0,0,2561,David West,NOH,New Orleans,1610612740.0,Hornets,0,,,,,,0,,,,,,,,MISS West  Layup,9:13 PM
200,0,4,208,0020401003,,,0:19,2,5,0,0,2561,David West,NOH,New Orleans,1610612740.0,Hornets,0,,,,,,0,,,,,,,,West REBOUND (Off:2 Def:0),9:13 PM
201,2,6,209,0020401003,Thomas S.FOUL (P2.PN),,0:18,2,4,0,1,1519,John Thomas,MIN,Minnesota,1610612750.0,Timberwolves,0,,,,,,0,,,,,,,,,9:13 PM
202,11,3,210,0020401003,,,0:18,2,5,0,0,2561,David West,NOH,New Orleans,1610612740.0,Hornets,0,,,,,,0,,,,,,44 - 59,15,West Free Throw 1 of 2 (1 PTS),9:13 PM
203,0,8,211,0020401003,SUB: Hoiberg FOR Thomas,,0:18,2,4,4,0,1519,John Thomas,MIN,Minnesota,1610612750.0,Timberwolves,697,Fred Hoiberg,MIN,Minnesota,1610612750.0,Timberwolves,0,,,,,,,,,9:13 PM
204,0,8,212,0020401003,,,0:18,2,5,5,0,136,P.J. Brown,NOH,New Orleans,1610612740.0,Hornets,2761,Jackson Vroman,NOH,New Orleans,1610612740.0,Hornets,0,,,,,,,,SUB: Vroman FOR Brown,9:13 PM
205,12,3,213,0020401003,,,0:18,2,5,0,0,2561,David West,NOH,New Orleans,1610612740.0,Hornets,0,,,,,,0,,,,,,,,MISS West Free Throw 2 of 2,9:13 PM
206,0,4,214,0020401003,Garnett REBOUND (Off:0 Def:6),,0:18,2,4,0,0,708,Kevin Garnett,MIN,Minnesota,1610612750.0,Timberwolves,0,,,,,,0,,,,,,,,,9:14 PM
207,66,1,215,0020401003,Garnett 7' Jump Bank Shot (14 PTS),,0:02,2,4,0,0,708,Kevin Garnett,MIN,Minnesota,1610612750.0,Timberwolves,0,,,,,,0,,,,,,44 - 61,17,,9:14 PM
208,7,1,216,0020401003,,,0:00,2,5,5,0,1924,Lee Nailon,NOH,New Orleans,1610612740.0,Hornets,2747,J.R. Smith,NOH,New Orleans,1610612740.0,Hornets,0,,,,,,46 - 61,15,Nailon  Dunk (4 PTS) (Smith 3 AST),9:14 PM
209,0,13,217,0020401003,,,0:00,2,0,0,0,0,,,,,,0,,,,,,0,,,,,,46 - 61,15,,9:14 PM
210,0,12,219,0020401003,,,12:00,3,0,0,0,0,,,,,,0,,,,,,0,,,,,,46 - 61,15,,9:31 PM
211,1,2,220,0020401003,,,11:39,3,5,0,0,2747,J.R. Smith,NOH,New Orleans,1610612740.0,Hornets,0,,,,,,0,,,,,,,,MISS Smith 28' 3PT Jump Shot,9:31 PM
212,0,4,221,0020401003,TIMBERWOLVES Rebound,,11:38,3,2,0,0,1610612750,,,,,,0,,,,,,0,,,,,,,,,9:31 PM
213,3,6,222,0020401003,,,11:38,3,5,0,1,2048,Jamaal Magloire,NOH,New Orleans,1610612740.0,Hornets,0,,,,,,0,,,,,,,,Magloire L.B.FOUL (P1.T1),9:31 PM
214,1,2,223,0020401003,MISS Hassell 17' Jump Shot,,11:24,3,4,0,0,2239,Trenton Hassell,MIN,Minnesota,1610612750.0,Timberwolves,0,,,,,,0,,,,,,,,,9:31 PM
215,0,4,224,0020401003,,,11:23,3,5,0,0,136,P.J. Brown,NOH,New Orleans,1610612740.0,Hornets,0,,,,,,0,,,,,,,,Brown REBOUND (Off:1 Def:1),9:31 PM
216,46,1,225,0020401003,,,11:08,3,5,5,0,2747,J.R. Smith,NOH,New Orleans,1610612740.0,Hornets,2424,Dan Dickau,NOH,New Orleans,1610612740.0,Hornets,0,,,,,,48 - 61,13,Smith 4' Running Jump Shot (11 PTS) (Dickau 6 AST),9:32 PM
217,5,2,226,0020401003,MISS Olowokandi  Layup,,10:49,3,4,0,5,1709,Michael Olowokandi,MIN,Minnesota,1610612750.0,Timberwolves,0,,,,,,2048,Jamaal Magloire,NOH,New Orleans,1610612740.0,Hornets,,,Magloire BLOCK (1 BLK),9:32 PM
218,0,4,227,0020401003,,,10:48,3,5,0,0,1924,Lee Nailon,NOH,New Orleans,1610612740.0,Hornets,0,,,,,,0,,,,,,,,Nailon REBOUND (Off:1 Def:2),9:32 PM
219,3,2,228,0020401003,,,10:31,3,5,0,0,2048,Jamaal Magloire,NOH,New Orleans,1610612740.0,Hornets,0,,,,,,0,,,,,,,,MISS Magloire 7' Hook Shot,9:32 PM
220,0,4,229,0020401003,Garnett REBOUND (Off:0 Def:7),,10:30,3,4,0,0,708,Kevin Garnett,MIN,Minnesota,1610612750.0,Timberwolves,0,,,,,,0,,,,,,,,,9:32 PM
221,1,2,230,0020401003,MISS Hudson 25' 3PT Jump Shot,,10:08,3,4,0,0,1607,Troy Hudson,MIN,Minnesota,1610612750.0,Timberwolves,0,,,,,,0,,,,,,,,,9:33 PM
222,0,4,231,0020401003,,,10:05,3,5,0,0,2048,Jamaal Magloire,NOH,New Orleans,1610612740.0,Hornets,0,,,,,,0,,,,,,,,Magloire REBOUND (Off:4 Def:6),9:33 PM
223,8,1,232,0020401003,,,9:52,3,5,0,0,2747,J.R. Smith,NOH,New Orleans,1610612740.0,Hornets,0,,,,,,0,,,,,,50 - 61,11,Smith  Slam Dunk (13 PTS),9:33 PM
224,2,9,233,0020401003,TIMBERWOLVES Timeout: Short (Full 2 Short 1),,9:50,3,2,0,0,1610612750,,,,,,0,,,,,,0,,,,,,,,,9:33 PM
225,3,2,234,0020401003,MISS Garnett 8' Hook Shot,,9:38,3,4,0,0,708,Kevin Garnett,MIN,Minnesota,1610612750.0,Timberwolves,0,,,,,,0,,,,,,,,,9:34 PM
226,0,4,235,0020401003,,,9:36,3,3,0,0,1610612740,,,,,,0,,,,,,0,,,,,,,,Hornets Rebound,9:34 PM
227,1,2,236,0020401003,,,9:24,3,5,0,0,1924,Lee Nailon,NOH,New Orleans,1610612740.0,Hornets,0,,,,,,0,,,,,,,,MISS Nailon 12' Jump Shot,9:35 PM
228,0,4,237,0020401003,,,9:23,3,3,0,0,1610612740,,,,,,0,,,,,,0,,,,,,,,Hornets Rebound,9:35 PM
229,3,6,238,0020401003,Olowokandi L.B.FOUL (P4.T1),,9:23,3,4,0,1,1709,Michael Olowokandi,MIN,Minnesota,1610612750.0,Timberwolves,0,,,,,,0,,,,,,,,,9:35 PM
230,0,8,239,0020401003,SUB: Griffin FOR Olowokandi,,9:23,3,4,4,0,1709,Michael Olowokandi,MIN,Minnesota,1610612750.0,Timberwolves,2204,Eddie Griffin,MIN,Minnesota,1610612750.0,Timberwolves,0,,,,,,,,,9:35 PM
231,5,2,240,0020401003,Griffin BLOCK (2 BLK),,9:13,3,5,0,4,1924,Lee Nailon,NOH,New Orleans,1610612740.0,Hornets,0,,,,,,2204,Eddie Griffin,MIN,Minnesota,1610612750.0,Timberwolves,,,MISS Nailon  Layup,9:35 PM
232,0,4,241,0020401003,,,9:12,3,3,0,0,1610612740,,,,,,0,,,,,,0,,,,,,,,Hornets Rebound,9:36 PM
233,1,2,242,0020401003,,,9:08,3,5,0,0,2747,J.R. Smith,NOH,New Orleans,1610612740.0,Hornets,0,,,,,,0,,,,,,,,MISS Smith 10' Jump Shot,9:36 PM
234,0,4,243,0020401003,Griffin REBOUND (Off:1 Def:6),,9:07,3,4,0,0,2204,Eddie Griffin,MIN,Minnesota,1610612750.0,Timberwolves,0,,,,,,0,,,,,,,,,9:36 PM
235,1,2,244,0020401003,MISS Hudson 25' 3PT Jump Shot,,8:54,3,4,0,0,1607,Troy Hudson,MIN,Minnesota,1610612750.0,Timberwolves,0,,,,,,0,,,,,,,,,9:36 PM
236,0,4,245,0020401003,Garnett REBOUND (Off:1 Def:7),,8:52,3,4,0,0,708,Kevin Garnett,MIN,Minnesota,1610612750.0,Timberwolves,0,,,,,,0,,,,,,,,,9:36 PM
237,2,6,246,0020401003,,,8:49,3,5,0,1,2747,J.R. Smith,NOH,New Orleans,1610612740.0,Hornets,0,,,,,,0,,,,,,,,Smith S.FOUL (P1.T2),9:36 PM
238,11,3,247,0020401003,MISS Sprewell Free Throw 1 of 2,,8:49,3,4,0,0,84,Latrell Sprewell,MIN,Minnesota,1610612750.0,Timberwolves,0,,,,,,0,,,,,,,,,9:36 PM
239,1,4,248,0020401003,TIMBERWOLVES Rebound,,8:49,3,2,0,0,1610612750,,,,,,0,,,,,,0,,,,,,,,,9:36 PM
240,12,3,249,0020401003,Sprewell Free Throw 2 of 2 (7 PTS),,8:49,3,4,0,0,84,Latrell Sprewell,MIN,Minnesota,1610612750.0,Timberwolves,0,,,,,,0,,,,,,50 - 62,12,,9:37 PM
241,1,1,250,0020401003,,,8:27,3,5,5,0,136,P.J. Brown,NOH,New Orleans,1610612740.0,Hornets,2747,J.R. Smith,NOH,New Orleans,1610612740.0,Hornets,0,,,,,,52 - 62,10,Brown 17' Jump Shot (8 PTS) (Smith 4 AST),9:37 PM
242,1,2,251,0020401003,MISS Griffin 21' Jump Shot,,8:04,3,4,0,0,2204,Eddie Griffin,MIN,Minnesota,1610612750.0,Timberwolves,0,,,,,,0,,,,,,,,,9:38 PM
243,0,4,252,0020401003,,,8:02,3,5,0,0,2424,Dan Dickau,NOH,New Orleans,1610612740.0,Hornets,0,,,,,,0,,,,,,,,Dickau REBOUND (Off:1 Def:1),9:38 PM
244,56,1,253,0020401003,,,7:55,3,5,0,0,2048,Jamaal Magloire,NOH,New Orleans,1610612740.0,Hornets,0,,,,,,0,,,,,,54 - 62,8,Magloire 7' Running Hook Shot (16 PTS),9:38 PM
245,2,6,254,0020401003,Hudson S.FOUL (P3.T2),,7:55,3,4,0,1,1607,Troy Hudson,MIN,Minnesota,1610612750.0,Timberwolves,0,,,,,,0,,,,,,,,,9:38 PM
246,10,3,255,0020401003,,,7:55,3,5,0,0,2048,Jamaal Magloire,NOH,New Orleans,1610612740.0,Hornets,0,,,,,,0,,,,,,,,MISS Magloire Free Throw 1 of 1,9:38 PM
247,0,4,256,0020401003,Garnett REBOUND (Off:1 Def:8),,7:55,3,4,0,0,708,Kevin Garnett,MIN,Minnesota,1610612750.0,Timberwolves,0,,,,,,0,,,,,,,,,9:38 PM
248,1,1,257,0020401003,Garnett 20' Jump Shot (16 PTS) (Hudson 5 AST),,7:39,3,4,4,0,708,Kevin Garnett,MIN,Minnesota,1610612750.0,Timberwolves,1607,Troy Hudson,MIN,Minnesota,1610612750.0,Timberwolves,0,,,,,,54 - 64,10,,9:39 PM
249,4,6,258,0020401003,,,7:23,3,5,0,1,2048,Jamaal Magloire,NOH,New Orleans,1610612740.0,Hornets,0,,,,,,0,,,,,,,,Magloire OFF.Foul (P2),9:39 PM
250,5,5,259,0020401003,,,7:23,3,5,0,1,2048,Jamaal Magloire,NOH,New Orleans,1610612740.0,Hornets,0,,,,,,0,,,,,,,,Magloire Foul Turnover (P2.T9),9:39 PM
251,66,1,260,0020401003,Hudson 19' Jump Bank Shot (16 PTS) (Garnett 4 AST),,7:07,3,4,4,0,1607,Troy Hudson,MIN,Minnesota,1610612750.0,Timberwolves,708,Kevin Garnett,MIN,Minnesota,1610612750.0,Timberwolves,0,,,,,,54 - 66,12,,9:39 PM
252,1,2,261,0020401003,,,6:47,3,5,0,0,2424,Dan Dickau,NOH,New Orleans,1610612740.0,Hornets,0,,,,,,0,,,,,,,,MISS Dickau 20' Jump Shot,9:40 PM
253,0,4,262,0020401003,,,6:45,3,5,0,0,2424,Dan Dickau,NOH,New Orleans,1610612740.0,Hornets,0,,,,,,0,,,,,,,,Dickau REBOUND (Off:2 Def:1),9:40 PM
254,1,1,263,0020401003,,,6:42,3,5,0,0,2424,Dan Dickau,NOH,New Orleans,1610612740.0,Hornets,0,,,,,,0,,,,,,57 - 66,9,Dickau 25' 3PT Jump Shot (7 PTS),9:40 PM
255,47,1,264,0020401003,Garnett 15' Turnaround Jump Shot (18 PTS),,6:22,3,4,0,0,708,Kevin Garnett,MIN,Minnesota,1610612750.0,Timberwolves,0,,,,,,0,,,,,,57 - 68,11,,9:40 PM
256,2,5,265,0020401003,Hudson STEAL (1 STL),,6:07,3,5,4,0,2424,Dan Dickau,NOH,New Orleans,1610612740.0,Hornets,1607,Troy Hudson,MIN,Minnesota,1610612750.0,Timberwolves,0,,,,,,,,Dickau Lost Ball Turnover (P1.T10),9:40 PM
257,5,1,266,0020401003,Hudson  Layup (18 PTS) (Garnett 5 AST),,6:03,3,4,4,0,1607,Troy Hudson,MIN,Minnesota,1610612750.0,Timberwolves,708,Kevin Garnett,MIN,Minnesota,1610612750.0,Timberwolves,0,,,,,,57 - 70,13,,9:40 PM
258,1,9,267,0020401003,,,5:57,3,3,0,0,1610612740,,,,,,0,,,,,,0,,,,,,,,Hornets Timeout: Regular (Reg.3 Short 0),9:41 PM
259,5,2,269,0020401003,Griffin BLOCK (3 BLK),,5:42,3,5,0,4,136,P.J. Brown,NOH,New Orleans,1610612740.0,Hornets,0,,,,,,2204,Eddie Griffin,MIN,Minnesota,1610612750.0,Timberwolves,,,MISS Brown  Layup,9:43 PM
260,0,4,270,0020401003,,,5:41,3,5,0,0,2048,Jamaal Magloire,NOH,New Orleans,1610612740.0,Hornets,0,,,,,,0,,,,,,,,Magloire REBOUND (Off:5 Def:6),9:43 PM
261,2,6,271,0020401003,Garnett S.FOUL (P1.T3),,5:40,3,4,0,1,708,Kevin Garnett,MIN,Minnesota,1610612750.0,Timberwolves,0,,,,,,0,,,,,,,,,9:43 PM
262,11,3,272,0020401003,,,5:40,3,5,0,0,2048,Jamaal Magloire,NOH,New Orleans,1610612740.0,Hornets,0,,,,,,0,,,,,,,,MISS Magloire Free Throw 1 of 2,9:44 PM
263,1,4,273,0020401003,,,5:40,3,3,0,0,1610612740,,,,,,0,,,,,,0,,,,,,,,Hornets Rebound,9:44 PM
264,12,3,274,0020401003,,,5:40,3,5,0,0,2048,Jamaal Magloire,NOH,New Orleans,1610612740.0,Hornets,0,,,,,,0,,,,,,58 - 70,12,Magloire Free Throw 2 of 2 (17 PTS),9:44 PM
265,4,6,275,0020401003,Garnett OFF.Foul (P2),,5:29,3,4,0,1,708,Kevin Garnett,MIN,Minnesota,1610612750.0,Timberwolves,0,,,,,,0,,,,,,,,,9:44 PM
266,5,5,276,0020401003,Garnett Foul Turnover (P1.T8),,5:29,3,4,0,1,708,Kevin Garnett,MIN,Minnesota,1610612750.0,Timberwolves,0,,,,,,0,,,,,,,,,9:44 PM
267,0,8,277,0020401003,,,5:29,3,5,5,0,2424,Dan Dickau,NOH,New Orleans,1610612740.0,Hornets,2418,Casey Jacobsen,NOH,New Orleans,1610612740.0,Hornets,0,,,,,,,,SUB: Jacobsen FOR Dickau,9:44 PM
268,0,8,278,0020401003,,,5:29,3,5,5,0,2048,Jamaal Magloire,NOH,New Orleans,1610612740.0,Hornets,2561,David West,NOH,New Orleans,1610612740.0,Hornets,0,,,,,,,,SUB: West FOR Magloire,9:44 PM
269,5,1,279,0020401003,,,5:18,3,5,5,0,1924,Lee Nailon,NOH,New Orleans,1610612740.0,Hornets,2747,J.R. Smith,NOH,New Orleans,1610612740.0,Hornets,0,,,,,,60 - 70,10,Nailon  Layup (6 PTS) (Smith 5 AST),9:45 PM
270,2,6,280,0020401003,,,5:01,3,5,0,1,136,P.J. Brown,NOH,New Orleans,1610612740.0,Hornets,0,,,,,,0,,,,,,,,Brown S.FOUL (P3.T3),9:45 PM
271,11,3,281,0020401003,Garnett Free Throw 1 of 2 (19 PTS),,5:01,3,4,0,0,708,Kevin Garnett,MIN,Minnesota,1610612750.0,Timberwolves,0,,,,,,0,,,,,,60 - 71,11,,9:45 PM
272,12,3,282,0020401003,Garnett Free Throw 2 of 2 (20 PTS),,5:01,3,4,0,0,708,Kevin Garnett,MIN,Minnesota,1610612750.0,Timberwolves,0,,,,,,0,,,,,,60 - 72,12,,9:46 PM
273,1,2,283,0020401003,,,4:40,3,5,0,0,1924,Lee Nailon,NOH,New Orleans,1610612740.0,Hornets,0,,,,,,0,,,,,,,,MISS Nailon 15' Jump Shot,9:46 PM
274,0,4,284,0020401003,Garnett REBOUND (Off:1 Def:9),,4:39,3,4,0,0,708,Kevin Garnett,MIN,Minnesota,1610612750.0,Timberwolves,0,,,,,,0,,,,,,,,,9:46 PM
275,63,2,285,0020401003,MISS Griffin 13' Fadeaway Jumper,,4:16,3,4,0,0,2204,Eddie Griffin,MIN,Minnesota,1610612750.0,Timberwolves,0,,,,,,0,,,,,,,,,9:47 PM
276,0,4,286,0020401003,,,4:14,3,5,0,0,2561,David West,NOH,New Orleans,1610612740.0,Hornets,0,,,,,,0,,,,,,,,West REBOUND (Off:2 Def:1),9:47 PM
277,5,2,287,0020401003,Sprewell BLOCK (2 BLK),,4:09,3,5,0,4,2747,J.R. Smith,NOH,New Orleans,1610612740.0,Hornets,0,,,,,,84,Latrell Sprewell,MIN,Minnesota,1610612750.0,Timberwolves,,,MISS Smith  Layup,9:47 PM
278,0,4,288,0020401003,,,4:08,3,3,0,0,1610612740,,,,,,0,,,,,,0,,,,,,,,Hornets Rebound,9:47 PM
279,1,2,289,0020401003,,,4:01,3,5,0,0,1924,Lee Nailon,NOH,New Orleans,1610612740.0,Hornets,0,,,,,,0,,,,,,,,MISS Nailon 20' Jump Shot,9:47 PM
280,0,4,290,0020401003,Garnett REBOUND (Off:1 Def:10),,4:00,3,4,0,0,708,Kevin Garnett,MIN,Minnesota,1610612750.0,Timberwolves,0,,,,,,0,,,,,,,,,9:47 PM
281,1,2,291,0020401003,MISS Garnett 19' Jump Shot,,3:39,3,4,0,0,708,Kevin Garnett,MIN,Minnesota,1610612750.0,Timberwolves,0,,,,,,0,,,,,,,,,9:47 PM
282,0,4,292,0020401003,,,3:37,3,5,0,0,2418,Casey Jacobsen,NOH,New Orleans,1610612740.0,Hornets,0,,,,,,0,,,,,,,,Jacobsen REBOUND (Off:0 Def:2),9:47 PM
283,2,6,293,0020401003,Hassell S.FOUL (P2.T4),,3:32,3,4,0,1,2239,Trenton Hassell,MIN,Minnesota,1610612750.0,Timberwolves,0,,,,,,0,,,,,,,,,9:48 PM
284,11,3,294,0020401003,,,3:32,3,5,0,0,1924,Lee Nailon,NOH,New Orleans,1610612740.0,Hornets,0,,,,,,0,,,,,,61 - 72,11,Nailon Free Throw 1 of 2 (7 PTS),9:48 PM
285,0,8,295,0020401003,SUB: Cassell FOR Hudson,,3:32,3,4,4,0,1607,Troy Hudson,MIN,Minnesota,1610612750.0,Timberwolves,208,Sam Cassell,MIN,Minnesota,1610612750.0,Timberwolves,0,,,,,,,,,9:48 PM
286,12,3,296,0020401003,,,3:32,3,5,0,0,1924,Lee Nailon,NOH,New Orleans,1610612740.0,Hornets,0,,,,,,0,,,,,,62 - 72,10,Nailon Free Throw 2 of 2 (8 PTS),9:48 PM
287,66,1,297,0020401003,Hassell 9' Jump Bank Shot (4 PTS),,3:12,3,4,0,0,2239,Trenton Hassell,MIN,Minnesota,1610612750.0,Timberwolves,0,,,,,,0,,,,,,62 - 74,12,,9:49 PM
288,1,1,298,0020401003,,,2:53,3,5,5,0,2418,Casey Jacobsen,NOH,New Orleans,1610612740.0,Hornets,2747,J.R. Smith,NOH,New Orleans,1610612740.0,Hornets,0,,,,,,65 - 74,9,Jacobsen 26' 3PT Jump Shot (6 PTS) (Smith 6 AST),9:49 PM
289,63,1,299,0020401003,Griffin 11' Fadeaway Jumper (7 PTS) (Sprewell 2 AST),,2:32,3,4,4,0,2204,Eddie Griffin,MIN,Minnesota,1610612750.0,Timberwolves,84,Latrell Sprewell,MIN,Minnesota,1610612750.0,Timberwolves,0,,,,,,65 - 76,11,,9:49 PM
290,1,5,300,0020401003,Garnett STEAL (1 STL),,2:12,3,5,4,0,2747,J.R. Smith,NOH,New Orleans,1610612740.0,Hornets,708,Kevin Garnett,MIN,Minnesota,1610612750.0,Timberwolves,0,,,,,,,,Smith Bad Pass Turnover (P3.T11),9:50 PM
291,2,6,301,0020401003,,,2:06,3,5,0,1,2418,Casey Jacobsen,NOH,New Orleans,1610612740.0,Hornets,0,,,,,,0,,,,,,,,Jacobsen S.FOUL (P1.T4),9:50 PM
292,1,9,302,0020401003,TIMBERWOLVES Timeout: Regular (Full 3 Short 1),,2:06,3,2,0,0,1610612750,,,,,,0,,,,,,0,,,,,,,,,9:50 PM
293,0,8,304,0020401003,,,2:06,3,5,5,0,1924,Lee Nailon,NOH,New Orleans,1610612740.0,Hornets,2411,Bostjan Nachbar,NOH,New Orleans,1610612740.0,Hornets,0,,,,,,,,SUB: Nachbar FOR Nailon,9:52 PM
294,11,3,305,0020401003,Cassell Free Throw 1 of 2 (7 PTS),,2:06,3,4,0,0,208,Sam Cassell,MIN,Minnesota,1610612750.0,Timberwolves,0,,,,,,0,,,,,,65 - 77,12,,9:52 PM
295,0,8,306,0020401003,SUB: Szczerbiak FOR Hassell,,2:06,3,4,4,0,2239,Trenton Hassell,MIN,Minnesota,1610612750.0,Timberwolves,1887,Wally Szczerbiak,MIN,Minnesota,1610612750.0,Timberwolves,0,,,,,,,,,9:52 PM
296,12,3,307,0020401003,Cassell Free Throw 2 of 2 (8 PTS),,2:06,3,4,0,0,208,Sam Cassell,MIN,Minnesota,1610612750.0,Timberwolves,0,,,,,,0,,,,,,65 - 78,13,,9:53 PM
297,2,6,308,0020401003,Szczerbiak S.FOUL (P2.PN),,1:52,3,4,0,1,1887,Wally Szczerbiak,MIN,Minnesota,1610612750.0,Timberwolves,0,,,,,,0,,,,,,,,,9:53 PM
298,11,3,309,0020401003,,,1:52,3,5,0,0,2747,J.R. Smith,NOH,New Orleans,1610612740.0,Hornets,0,,,,,,0,,,,,,66 - 78,12,Smith Free Throw 1 of 2 (14 PTS),9:53 PM
299,12,3,310,0020401003,,,1:52,3,5,0,0,2747,J.R. Smith,NOH,New Orleans,1610612740.0,Hornets,0,,,,,,0,,,,,,,,MISS Smith Free Throw 2 of 2,9:54 PM
300,0,4,311,0020401003,,,1:52,3,5,0,0,136,P.J. Brown,NOH,New Orleans,1610612740.0,Hornets,0,,,,,,0,,,,,,,,Brown REBOUND (Off:2 Def:1),9:54 PM
301,5,2,312,0020401003,,,1:33,3,5,0,0,2561,David West,NOH,New Orleans,1610612740.0,Hornets,0,,,,,,0,,,,,,,,MISS West  Layup,9:54 PM
302,0,4,313,0020401003,,,1:31,3,5,0,0,2561,David West,NOH,New Orleans,1610612740.0,Hornets,0,,,,,,0,,,,,,,,West REBOUND (Off:3 Def:1),9:54 PM
303,1,1,314,0020401003,,,1:25,3,5,5,0,2411,Bostjan Nachbar,NOH,New Orleans,1610612740.0,Hornets,2418,Casey Jacobsen,NOH,New Orleans,1610612740.0,Hornets,0,,,,,,69 - 78,9,Nachbar 25' 3PT Jump Shot (8 PTS) (Jacobsen 2 AST),9:54 PM
304,1,2,315,0020401003,MISS Griffin 25' 3PT Jump Shot,,1:01,3,4,0,0,2204,Eddie Griffin,MIN,Minnesota,1610612750.0,Timberwolves,0,,,,,,0,,,,,,,,,9:55 PM
305,0,4,316,0020401003,,,0:59,3,5,0,0,136,P.J. Brown,NOH,New Orleans,1610612740.0,Hornets,0,,,,,,0,,,,,,,,Brown REBOUND (Off:2 Def:2),9:55 PM
306,1,2,317,0020401003,,,0:40,3,5,0,0,2747,J.R. Smith,NOH,New Orleans,1610612740.0,Hornets,0,,,,,,0,,,,,,,,MISS Smith 26' 3PT Jump Shot,9:55 PM
307,0,4,318,0020401003,,,0:38,3,5,0,0,2561,David West,NOH,New Orleans,1610612740.0,Hornets,0,,,,,,0,,,,,,,,West REBOUND (Off:4 Def:1),9:55 PM
308,5,1,319,0020401003,,,0:35,3,5,0,0,2561,David West,NOH,New Orleans,1610612740.0,Hornets,0,,,,,,0,,,,,,71 - 78,7,West  Layup (3 PTS),9:55 PM
309,1,2,320,0020401003,MISS Griffin 10' Jump Shot,,0:16,3,4,0,0,2204,Eddie Griffin,MIN,Minnesota,1610612750.0,Timberwolves,0,,,,,,0,,,,,,,,,9:56 PM
310,0,4,322,0020401003,Sprewell REBOUND (Off:1 Def:1),,0:15,3,4,0,0,84,Latrell Sprewell,MIN,Minnesota,1610612750.0,Timberwolves,0,,,,,,0,,,,,,,,,9:56 PM
311,4,1,321,0020401003,Sprewell  Tip Shot (9 PTS),,0:15,3,4,0,0,84,Latrell Sprewell,MIN,Minnesota,1610612750.0,Timberwolves,0,,,,,,0,,,,,,71 - 80,9,,9:56 PM
312,1,1,323,0020401003,,,0:02,3,5,5,0,2411,Bostjan Nachbar,NOH,New Orleans,1610612740.0,Hornets,2747,J.R. Smith,NOH,New Orleans,1610612740.0,Hornets,0,,,,,,74 - 80,6,Nachbar  3PT Jump Shot (11 PTS) (Smith 7 AST),9:56 PM
313,1,2,324,0020401003,MISS Cassell 59' 3PT Jump Shot,,0:00,3,4,0,0,208,Sam Cassell,MIN,Minnesota,1610612750.0,Timberwolves,0,,,,,,0,,,,,,,,,9:56 PM
314,0,4,325,0020401003,TIMBERWOLVES Rebound,,0:00,3,2,0,0,1610612750,,,,,,0,,,,,,0,,,,,,,,,9:56 PM
315,0,13,326,0020401003,,,0:00,3,0,0,0,0,,,,,,0,,,,,,0,,,,,,74 - 80,6,,9:56 PM
316,0,12,328,0020401003,,,12:00,4,0,0,0,0,,,,,,0,,,,,,0,,,,,,74 - 80,6,,9:59 PM
317,1,2,329,0020401003,MISS Cassell 20' Jump Shot,,11:46,4,4,0,0,208,Sam Cassell,MIN,Minnesota,1610612750.0,Timberwolves,0,,,,,,0,,,,,,,,,9:59 PM
318,0,4,330,0020401003,,,11:44,4,5,0,0,2411,Bostjan Nachbar,NOH,New Orleans,1610612740.0,Hornets,0,,,,,,0,,,,,,,,Nachbar REBOUND (Off:0 Def:1),9:59 PM
319,2,6,331,0020401003,Thomas S.FOUL (P3.T1),,11:26,4,4,0,1,1519,John Thomas,MIN,Minnesota,1610612750.0,Timberwolves,0,,,,,,0,,,,,,,,,9:59 PM
320,11,3,332,0020401003,,,11:26,4,5,0,0,2418,Casey Jacobsen,NOH,New Orleans,1610612740.0,Hornets,0,,,,,,0,,,,,,75 - 80,5,Jacobsen Free Throw 1 of 2 (7 PTS),10:00 PM
321,12,3,333,0020401003,,,11:26,4,5,0,0,2418,Casey Jacobsen,NOH,New Orleans,1610612740.0,Hornets,0,,,,,,0,,,,,,76 - 80,4,Jacobsen Free Throw 2 of 2 (8 PTS),10:00 PM
322,1,6,334,0020401003,,,11:13,4,5,0,1,2424,Dan Dickau,NOH,New Orleans,1610612740.0,Hornets,0,,,,,,0,,,,,,,,Dickau P.FOUL (P2.T1),10:00 PM
323,1,2,335,0020401003,MISS Garnett 14' Jump Shot,,11:05,4,4,0,0,708,Kevin Garnett,MIN,Minnesota,1610612750.0,Timberwolves,0,,,,,,0,,,,,,,,,10:01 PM
324,0,4,336,0020401003,,,11:03,4,5,0,0,2048,Jamaal Magloire,NOH,New Orleans,1610612740.0,Hornets,0,,,,,,0,,,,,,,,Magloire REBOUND (Off:5 Def:7),10:01 PM
325,4,6,337,0020401003,,,10:49,4,5,0,1,2048,Jamaal Magloire,NOH,New Orleans,1610612740.0,Hornets,0,,,,,,0,,,,,,,,Magloire OFF.Foul (P3),10:01 PM
326,5,5,338,0020401003,,,10:49,4,5,0,1,2048,Jamaal Magloire,NOH,New Orleans,1610612740.0,Hornets,0,,,,,,0,,,,,,,,Magloire Foul Turnover (P3.T12),10:01 PM
327,2,6,339,0020401003,,,10:38,4,5,0,1,2048,Jamaal Magloire,NOH,New Orleans,1610612740.0,Hornets,0,,,,,,0,,,,,,,,Magloire S.FOUL (P4.T2),10:02 PM
328,11,3,340,0020401003,Szczerbiak Free Throw 1 of 2 (5 PTS),,10:38,4,4,0,0,1887,Wally Szczerbiak,MIN,Minnesota,1610612750.0,Timberwolves,0,,,,,,0,,,,,,76 - 81,5,,10:02 PM
329,12,3,341,0020401003,Szczerbiak Free Throw 2 of 2 (6 PTS),,10:38,4,4,0,0,1887,Wally Szczerbiak,MIN,Minnesota,1610612750.0,Timberwolves,0,,,,,,0,,,,,,76 - 82,6,,10:02 PM
330,1,2,342,0020401003,,,10:20,4,5,0,0,2411,Bostjan Nachbar,NOH,New Orleans,1610612740.0,Hornets,0,,,,,,0,,,,,,,,MISS Nachbar 15' Jump Shot,10:03 PM
331,0,4,343,0020401003,Garnett REBOUND (Off:1 Def:11),,10:19,4,4,0,0,708,Kevin Garnett,MIN,Minnesota,1610612750.0,Timberwolves,0,,,,,,0,,,,,,,,,10:03 PM
332,2,6,344,0020401003,,,10:16,4,5,0,1,2424,Dan Dickau,NOH,New Orleans,1610612740.0,Hornets,0,,,,,,0,,,,,,,,Dickau S.FOUL (P3.T3),10:03 PM
333,11,3,345,0020401003,Szczerbiak Free Throw 1 of 2 (7 PTS),,10:16,4,4,0,0,1887,Wally Szczerbiak,MIN,Minnesota,1610612750.0,Timberwolves,0,,,,,,0,,,,,,76 - 83,7,,10:03 PM
334,0,8,346,0020401003,SUB: Griffin FOR Garnett,,10:16,4,4,4,0,708,Kevin Garnett,MIN,Minnesota,1610612750.0,Timberwolves,2204,Eddie Griffin,MIN,Minnesota,1610612750.0,Timberwolves,0,,,,,,,,,10:03 PM
335,12,3,347,0020401003,Szczerbiak Free Throw 2 of 2 (8 PTS),,10:16,4,4,0,0,1887,Wally Szczerbiak,MIN,Minnesota,1610612750.0,Timberwolves,0,,,,,,0,,,,,,76 - 84,8,,10:03 PM
336,5,2,348,0020401003,,,10:04,4,5,0,0,2418,Casey Jacobsen,NOH,New Orleans,1610612740.0,Hornets,0,,,,,,0,,,,,,,,MISS Jacobsen  Layup,10:04 PM
337,0,4,349,0020401003,,,10:03,4,3,0,0,1610612740,,,,,,0,,,,,,0,,,,,,,,Hornets Rebound,10:04 PM
338,0,8,350,0020401003,,,10:03,4,5,5,0,2411,Bostjan Nachbar,NOH,New Orleans,1610612740.0,Hornets,1924,Lee Nailon,NOH,New Orleans,1610612740.0,Hornets,0,,,,,,,,SUB: Nailon FOR Nachbar,10:04 PM
339,1,2,351,0020401003,,,10:01,4,5,0,0,2561,David West,NOH,New Orleans,1610612740.0,Hornets,0,,,,,,0,,,,,,,,MISS West 20' Jump Shot,10:04 PM
340,0,4,352,0020401003,Griffin REBOUND (Off:1 Def:7),,9:59,4,4,0,0,2204,Eddie Griffin,MIN,Minnesota,1610612750.0,Timberwolves,0,,,,,,0,,,,,,,,,10:04 PM
341,1,2,353,0020401003,MISS Cassell 20' Jump Shot,,9:52,4,4,0,0,208,Sam Cassell,MIN,Minnesota,1610612750.0,Timberwolves,0,,,,,,0,,,,,,,,,10:04 PM
342,0,4,354,0020401003,,,9:50,4,5,0,0,2418,Casey Jacobsen,NOH,New Orleans,1610612740.0,Hornets,0,,,,,,0,,,,,,,,Jacobsen REBOUND (Off:0 Def:3),10:04 PM
343,4,5,355,0020401003,,,9:43,4,5,0,1,1924,Lee Nailon,NOH,New Orleans,1610612740.0,Hornets,0,,,,,,0,,,,,,,,Nailon Traveling Turnover (P2.T13),10:05 PM
344,1,6,356,0020401003,,,9:30,4,5,0,1,2424,Dan Dickau,NOH,New Orleans,1610612740.0,Hornets,0,,,,,,0,,,,,,,,Dickau P.FOUL (P4.T4),10:05 PM
345,1,1,357,0020401003,Cassell 18' Jump Shot (10 PTS),,9:21,4,4,0,0,208,Sam Cassell,MIN,Minnesota,1610612750.0,Timberwolves,0,,,,,,0,,,,,,76 - 86,10,,10:06 PM
346,1,6,358,0020401003,Hoiberg P.FOUL (P1.T2),,9:09,4,4,0,1,697,Fred Hoiberg,MIN,Minnesota,1610612750.0,Timberwolves,0,,,,,,0,,,,,,,,,10:06 PM
347,42,1,359,0020401003,,,8:56,4,5,0,0,2424,Dan Dickau,NOH,New Orleans,1610612740.0,Hornets,0,,,,,,0,,,,,,78 - 86,8,Dickau  Driving Layup (9 PTS),10:06 PM
348,1,1,360,0020401003,Cassell 19' Jump Shot (12 PTS),,8:40,4,4,0,0,208,Sam Cassell,MIN,Minnesota,1610612750.0,Timberwolves,0,,,,,,0,,,,,,78 - 88,10,,10:07 PM
349,2,6,361,0020401003,Hoiberg S.FOUL (P2.T3),,8:22,4,4,0,1,697,Fred Hoiberg,MIN,Minnesota,1610612750.0,Timberwolves,0,,,,,,0,,,,,,,,,10:07 PM
350,1,9,362,0020401003,,,8:22,4,1,0,0,0,,,,,,0,,,,,,0,,,,,,,,,10:07 PM
351,13,3,364,0020401003,,,8:22,4,5,0,0,2418,Casey Jacobsen,NOH,New Orleans,1610612740.0,Hornets,0,,,,,,0,,,,,,79 - 88,9,Jacobsen Free Throw 1 of 3 (9 PTS),10:09 PM
352,14,3,365,0020401003,,,8:22,4,5,0,0,2418,Casey Jacobsen,NOH,New Orleans,1610612740.0,Hornets,0,,,,,,0,,,,,,80 - 88,8,Jacobsen Free Throw 2 of 3 (10 PTS),10:09 PM
353,15,3,366,0020401003,,,8:22,4,5,0,0,2418,Casey Jacobsen,NOH,New Orleans,1610612740.0,Hornets,0,,,,,,0,,,,,,81 - 88,7,Jacobsen Free Throw 3 of 3 (11 PTS),10:10 PM
354,1,1,367,0020401003,Szczerbiak 6' Jump Shot (10 PTS) (Cassell 3 AST),,8:01,4,4,4,0,1887,Wally Szczerbiak,MIN,Minnesota,1610612750.0,Timberwolves,208,Sam Cassell,MIN,Minnesota,1610612750.0,Timberwolves,0,,,,,,81 - 90,9,,10:10 PM
355,5,2,368,0020401003,Thomas BLOCK (1 BLK),,7:41,4,5,0,4,2048,Jamaal Magloire,NOH,New Orleans,1610612740.0,Hornets,0,,,,,,1519,John Thomas,MIN,Minnesota,1610612750.0,Timberwolves,,,MISS Magloire  Layup,10:10 PM
356,0,4,369,0020401003,Thomas REBOUND (Off:0 Def:1),,7:39,4,4,0,0,1519,John Thomas,MIN,Minnesota,1610612750.0,Timberwolves,0,,,,,,0,,,,,,,,,10:11 PM
357,42,1,370,0020401003,Cassell  Driving Layup (14 PTS),,7:27,4,4,0,0,208,Sam Cassell,MIN,Minnesota,1610612750.0,Timberwolves,0,,,,,,0,,,,,,81 - 92,11,,10:11 PM
358,1,6,371,0020401003,Cassell P.FOUL (P3.T4),,7:17,4,4,0,1,208,Sam Cassell,MIN,Minnesota,1610612750.0,Timberwolves,0,,,,,,0,,,,,,,,,10:11 PM
359,0,8,372,0020401003,,,7:17,4,5,5,0,2048,Jamaal Magloire,NOH,New Orleans,1610612740.0,Hornets,136,P.J. Brown,NOH,New Orleans,1610612740.0,Hornets,0,,,,,,,,SUB: Brown FOR Magloire,10:11 PM
360,8,1,373,0020401003,,,7:17,4,5,5,0,1924,Lee Nailon,NOH,New Orleans,1610612740.0,Hornets,2561,David West,NOH,New Orleans,1610612740.0,Hornets,0,,,,,,83 - 92,9,Nailon  Slam Dunk (10 PTS) (West 2 AST),10:12 PM
361,1,2,374,0020401003,MISS Hoiberg 24' 3PT Jump Shot,,6:58,4,4,0,0,697,Fred Hoiberg,MIN,Minnesota,1610612750.0,Timberwolves,0,,,,,,0,,,,,,,,,10:12 PM
362,0,4,375,0020401003,,,6:56,4,5,0,0,1924,Lee Nailon,NOH,New Orleans,1610612740.0,Hornets,0,,,,,,0,,,,,,,,Nailon REBOUND (Off:1 Def:3),10:12 PM
363,42,1,376,0020401003,,,6:51,4,5,0,0,2424,Dan Dickau,NOH,New Orleans,1610612740.0,Hornets,0,,,,,,0,,,,,,85 - 92,7,Dickau  Driving Layup (11 PTS),10:12 PM
364,1,5,377,0020401003,Griffin Bad Pass Turnover (P3.T9),,6:33,4,4,5,0,2204,Eddie Griffin,MIN,Minnesota,1610612750.0,Timberwolves,1924,Lee Nailon,NOH,New Orleans,1610612740.0,Hornets,0,,,,,,,,Nailon STEAL (1 STL),10:12 PM
365,1,2,378,0020401003,,,6:23,4,5,0,0,2424,Dan Dickau,NOH,New Orleans,1610612740.0,Hornets,0,,,,,,0,,,,,,,,MISS Dickau 21' Jump Shot,10:12 PM
366,0,4,379,0020401003,Szczerbiak REBOUND (Off:0 Def:1),,6:21,4,4,0,0,1887,Wally Szczerbiak,MIN,Minnesota,1610612750.0,Timberwolves,0,,,,,,0,,,,,,,,,10:13 PM
367,1,9,380,0020401003,TIMBERWOLVES Timeout: Regular (Full 4 Short 1),,6:00,4,2,0,0,1610612750,,,,,,0,,,,,,0,,,,,,,,,10:13 PM
368,0,8,382,0020401003,SUB: Garnett FOR Thomas,,6:00,4,4,4,0,1519,John Thomas,MIN,Minnesota,1610612750.0,Timberwolves,708,Kevin Garnett,MIN,Minnesota,1610612750.0,Timberwolves,0,,,,,,,,,10:15 PM
369,1,2,383,0020401003,MISS Cassell 17' Jump Shot,,5:48,4,4,0,0,208,Sam Cassell,MIN,Minnesota,1610612750.0,Timberwolves,0,,,,,,0,,,,,,,,,10:15 PM
370,0,4,384,0020401003,,,5:47,4,5,0,0,2561,David West,NOH,New Orleans,1610612740.0,Hornets,0,,,,,,0,,,,,,,,West REBOUND (Off:4 Def:2),10:15 PM
371,4,5,385,0020401003,,,5:34,4,5,0,1,136,P.J. Brown,NOH,New Orleans,1610612740.0,Hornets,0,,,,,,0,,,,,,,,Brown Traveling Turnover (P2.T14),10:16 PM
372,1,2,386,0020401003,MISS Hoiberg 25' 3PT Jump Shot,,5:22,4,4,0,0,697,Fred Hoiberg,MIN,Minnesota,1610612750.0,Timberwolves,0,,,,,,0,,,,,,,,,10:16 PM
373,0,4,387,0020401003,,,5:21,4,5,0,0,1924,Lee Nailon,NOH,New Orleans,1610612740.0,Hornets,0,,,,,,0,,,,,,,,Nailon REBOUND (Off:1 Def:4),10:16 PM
374,1,6,388,0020401003,Cassell P.FOUL (P4.PN),,5:09,4,4,0,1,208,Sam Cassell,MIN,Minnesota,1610612750.0,Timberwolves,0,,,,,,0,,,,,,,,,10:16 PM
375,0,8,389,0020401003,,,5:09,4,5,5,0,2418,Casey Jacobsen,NOH,New Orleans,1610612740.0,Hornets,2747,J.R. Smith,NOH,New Orleans,1610612740.0,Hornets,0,,,,,,,,SUB: Smith FOR Jacobsen,10:16 PM
376,11,3,390,0020401003,,,5:09,4,5,0,0,2424,Dan Dickau,NOH,New Orleans,1610612740.0,Hornets,0,,,,,,0,,,,,,86 - 92,6,Dickau Free Throw 1 of 2 (12 PTS),10:17 PM
377,12,3,391,0020401003,,,5:09,4,5,0,0,2424,Dan Dickau,NOH,New Orleans,1610612740.0,Hornets,0,,,,,,0,,,,,,87 - 92,5,Dickau Free Throw 2 of 2 (13 PTS),10:17 PM
378,1,2,392,0020401003,MISS Hoiberg 25' 3PT Jump Shot,,4:56,4,4,0,0,697,Fred Hoiberg,MIN,Minnesota,1610612750.0,Timberwolves,0,,,,,,0,,,,,,,,,10:17 PM
379,0,4,393,0020401003,Szczerbiak REBOUND (Off:1 Def:1),,4:54,4,4,0,0,1887,Wally Szczerbiak,MIN,Minnesota,1610612750.0,Timberwolves,0,,,,,,0,,,,,,,,,10:17 PM
380,2,6,394,0020401003,,,4:47,4,5,0,1,2561,David West,NOH,New Orleans,1610612740.0,Hornets,0,,,,,,0,,,,,,,,West S.FOUL (P2.PN),10:17 PM
381,11,3,395,0020401003,Griffin Free Throw 1 of 2 (8 PTS),,4:47,4,4,0,0,2204,Eddie Griffin,MIN,Minnesota,1610612750.0,Timberwolves,0,,,,,,0,,,,,,87 - 93,6,,10:18 PM
382,12,3,396,0020401003,Griffin Free Throw 2 of 2 (9 PTS),,4:47,4,4,0,0,2204,Eddie Griffin,MIN,Minnesota,1610612750.0,Timberwolves,0,,,,,,0,,,,,,87 - 94,7,,10:18 PM
383,1,1,397,0020401003,,,4:31,4,5,0,0,2424,Dan Dickau,NOH,New Orleans,1610612740.0,Hornets,0,,,,,,0,,,,,,89 - 94,5,Dickau 21' Jump Shot (15 PTS),10:18 PM
384,1,1,398,0020401003,Griffin 9' Jump Shot (11 PTS) (Cassell 4 AST),,4:16,4,4,4,0,2204,Eddie Griffin,MIN,Minnesota,1610612750.0,Timberwolves,208,Sam Cassell,MIN,Minnesota,1610612750.0,Timberwolves,0,,,,,,89 - 96,7,,10:19 PM
385,2,6,399,0020401003,,,4:16,4,5,0,1,2561,David West,NOH,New Orleans,1610612740.0,Hornets,0,,,,,,0,,,,,,,,West S.FOUL (P3.PN),10:19 PM
386,0,8,400,0020401003,,,4:16,4,5,5,0,2561,David West,NOH,New Orleans,1610612740.0,Hornets,2048,Jamaal Magloire,NOH,New Orleans,1610612740.0,Hornets,0,,,,,,,,SUB: Magloire FOR West,10:19 PM
387,10,3,401,0020401003,Griffin Free Throw 1 of 1 (12 PTS),,4:16,4,4,0,0,2204,Eddie Griffin,MIN,Minnesota,1610612750.0,Timberwolves,0,,,,,,0,,,,,,89 - 97,8,,10:19 PM
388,1,2,402,0020401003,,,3:53,4,5,0,0,2747,J.R. Smith,NOH,New Orleans,1610612740.0,Hornets,0,,,,,,0,,,,,,,,MISS Smith 25' 3PT Jump Shot,10:19 PM
389,0,4,403,0020401003,Griffin REBOUND (Off:1 Def:8),,3:51,4,4,0,0,2204,Eddie Griffin,MIN,Minnesota,1610612750.0,Timberwolves,0,,,,,,0,,,,,,,,,10:20 PM
390,1,2,404,0020401003,MISS Cassell 20' Jump Shot,,3:36,4,4,0,0,208,Sam Cassell,MIN,Minnesota,1610612750.0,Timberwolves,0,,,,,,0,,,,,,,,,10:20 PM
391,0,4,405,0020401003,,,3:34,4,5,0,0,2048,Jamaal Magloire,NOH,New Orleans,1610612740.0,Hornets,0,,,,,,0,,,,,,,,Magloire REBOUND (Off:5 Def:8),10:20 PM
392,1,2,406,0020401003,,,3:17,4,5,0,0,2747,J.R. Smith,NOH,New Orleans,1610612740.0,Hornets,0,,,,,,0,,,,,,,,MISS Smith 21' Jump Shot,10:20 PM
393,0,4,407,0020401003,,,3:15,4,5,0,0,2048,Jamaal Magloire,NOH,New Orleans,1610612740.0,Hornets,0,,,,,,0,,,,,,,,Magloire REBOUND (Off:6 Def:8),10:20 PM
394,5,1,408,0020401003,,,3:13,4,5,0,0,2048,Jamaal Magloire,NOH,New Orleans,1610612740.0,Hornets,0,,,,,,0,,,,,,91 - 97,6,Magloire  Layup (19 PTS),10:20 PM
395,5,1,409,0020401003,Garnett  Layup (22 PTS) (Hoiberg 1 AST),,2:56,4,4,4,0,708,Kevin Garnett,MIN,Minnesota,1610612750.0,Timberwolves,697,Fred Hoiberg,MIN,Minnesota,1610612750.0,Timberwolves,0,,,,,,91 - 99,8,,10:20 PM
396,1,9,410,0020401003,,,2:47,4,3,0,0,1610612740,,,,,,0,,,,,,0,,,,,,,,Hornets Timeout: Regular (Reg.4 Short 0),10:21 PM
397,52,1,411,0020401003,,,2:36,4,5,5,0,2747,J.R. Smith,NOH,New Orleans,1610612740.0,Hornets,136,P.J. Brown,NOH,New Orleans,1610612740.0,Hornets,0,,,,,,93 - 99,6,Smith  Alley Oop Dunk (16 PTS) (Brown 2 AST),10:23 PM
398,1,2,412,0020401003,MISS Cassell  3PT Jump Shot,,2:17,4,4,0,0,208,Sam Cassell,MIN,Minnesota,1610612750.0,Timberwolves,0,,,,,,0,,,,,,,,,10:23 PM
399,0,4,413,0020401003,,,2:14,4,5,0,0,2048,Jamaal Magloire,NOH,New Orleans,1610612740.0,Hornets,0,,,,,,0,,,,,,,,Magloire REBOUND (Off:6 Def:9),10:23 PM
400,1,2,414,0020401003,,,2:08,4,5,0,0,1924,Lee Nailon,NOH,New Orleans,1610612740.0,Hornets,0,,,,,,0,,,,,,,,MISS Nailon 18' Jump Shot,10:24 PM
401,0,4,415,0020401003,TIMBERWOLVES Rebound,,2:07,4,2,0,0,1610612750,,,,,,0,,,,,,0,,,,,,,,,10:24 PM
402,1,6,416,0020401003,,,2:07,4,5,0,1,136,P.J. Brown,NOH,New Orleans,1610612740.0,Hornets,0,,,,,,0,,,,,,,,Brown P.FOUL (P4.PN),10:24 PM
403,11,3,417,0020401003,Garnett Free Throw 1 of 2 (23 PTS),,2:07,4,4,0,0,708,Kevin Garnett,MIN,Minnesota,1610612750.0,Timberwolves,0,,,,,,0,,,,,,93 - 100,7,,10:24 PM
404,0,8,418,0020401003,SUB: Hassell FOR Szczerbiak,,2:07,4,4,4,0,1887,Wally Szczerbiak,MIN,Minnesota,1610612750.0,Timberwolves,2239,Trenton Hassell,MIN,Minnesota,1610612750.0,Timberwolves,0,,,,,,,,,10:24 PM
405,0,8,419,0020401003,,,2:07,4,5,5,0,1924,Lee Nailon,NOH,New Orleans,1610612740.0,Hornets,2411,Bostjan Nachbar,NOH,New Orleans,1610612740.0,Hornets,0,,,,,,,,SUB: Nachbar FOR Nailon,10:24 PM
406,12,3,420,0020401003,Garnett Free Throw 2 of 2 (24 PTS),,2:07,4,4,0,0,708,Kevin Garnett,MIN,Minnesota,1610612750.0,Timberwolves,0,,,,,,0,,,,,,93 - 101,8,,10:25 PM
407,2,6,421,0020401003,Garnett S.FOUL (P3.PN),,1:49,4,4,0,1,708,Kevin Garnett,MIN,Minnesota,1610612750.0,Timberwolves,0,,,,,,0,,,,,,,,,10:25 PM
408,11,3,422,0020401003,,,1:49,4,5,0,0,2048,Jamaal Magloire,NOH,New Orleans,1610612740.0,Hornets,0,,,,,,0,,,,,,,,MISS Magloire Free Throw 1 of 2,10:25 PM
409,1,4,423,0020401003,,,1:49,4,3,0,0,1610612740,,,,,,0,,,,,,0,,,,,,,,Hornets Rebound,10:25 PM
410,12,3,424,0020401003,,,1:49,4,5,0,0,2048,Jamaal Magloire,NOH,New Orleans,1610612740.0,Hornets,0,,,,,,0,,,,,,94 - 101,7,Magloire Free Throw 2 of 2 (20 PTS),10:25 PM
411,1,1,425,0020401003,Hassell 20' Jump Shot (6 PTS),,1:27,4,4,0,0,2239,Trenton Hassell,MIN,Minnesota,1610612750.0,Timberwolves,0,,,,,,0,,,,,,94 - 103,9,,10:26 PM
412,2,6,426,0020401003,,,1:27,4,5,0,1,2411,Bostjan Nachbar,NOH,New Orleans,1610612740.0,Hornets,0,,,,,,0,,,,,,,,Nachbar S.FOUL (P1.PN),10:26 PM
413,10,3,427,0020401003,MISS Hassell Free Throw 1 of 1,,1:27,4,4,0,0,2239,Trenton Hassell,MIN,Minnesota,1610612750.0,Timberwolves,0,,,,,,0,,,,,,,,,10:26 PM
414,0,4,428,0020401003,,,1:26,4,5,0,0,2048,Jamaal Magloire,NOH,New Orleans,1610612740.0,Hornets,0,,,,,,0,,,,,,,,Magloire REBOUND (Off:6 Def:10),10:27 PM
415,2,6,429,0020401003,Griffin S.FOUL (P3.PN),,1:18,4,4,0,1,2204,Eddie Griffin,MIN,Minnesota,1610612750.0,Timberwolves,0,,,,,,0,,,,,,,,,10:27 PM
416,11,3,430,0020401003,,,1:18,4,5,0,0,2747,J.R. Smith,NOH,New Orleans,1610612740.0,Hornets,0,,,,,,0,,,,,,95 - 103,8,Smith Free Throw 1 of 2 (17 PTS),10:27 PM
417,12,3,431,0020401003,,,1:18,4,5,0,0,2747,J.R. Smith,NOH,New Orleans,1610612740.0,Hornets,0,,,,,,0,,,,,,,,MISS Smith Free Throw 2 of 2,10:27 PM
418,0,4,432,0020401003,Griffin REBOUND (Off:1 Def:9),,1:18,4,4,0,0,2204,Eddie Griffin,MIN,Minnesota,1610612750.0,Timberwolves,0,,,,,,0,,,,,,,,,10:27 PM
419,1,2,433,0020401003,MISS Hoiberg  3PT Jump Shot,,0:55,4,4,0,0,697,Fred Hoiberg,MIN,Minnesota,1610612750.0,Timberwolves,0,,,,,,0,,,,,,,,,10:28 PM
420,0,4,434,0020401003,,,0:54,4,5,0,0,2048,Jamaal Magloire,NOH,New Orleans,1610612740.0,Hornets,0,,,,,,0,,,,,,,,Magloire REBOUND (Off:6 Def:11),10:28 PM
421,1,5,435,0020401003,Garnett STEAL (2 STL),,0:48,4,5,4,0,2411,Bostjan Nachbar,NOH,New Orleans,1610612740.0,Hornets,708,Kevin Garnett,MIN,Minnesota,1610612750.0,Timberwolves,0,,,,,,,,Nachbar Bad Pass Turnover (P1.T15),10:28 PM
422,1,2,436,0020401003,MISS Cassell 19' Jump Shot,,0:26,4,4,0,0,208,Sam Cassell,MIN,Minnesota,1610612750.0,Timberwolves,0,,,,,,0,,,,,,,,,10:28 PM
423,0,4,437,0020401003,Garnett REBOUND (Off:2 Def:11),,0:24,4,4,0,0,708,Kevin Garnett,MIN,Minnesota,1610612750.0,Timberwolves,0,,,,,,0,,,,,,,,,10:28 PM
424,1,5,438,0020401003,Garnett Bad Pass Turnover (P2.T10),,0:23,4,4,0,0,708,Kevin Garnett,MIN,Minnesota,1610612750.0,Timberwolves,0,,,,,,0,,,,,,,,,10:28 PM
425,1,9,439,0020401003,,,0:23,4,3,0,0,1610612740,,,,,,0,,,,,,0,,,,,,,,Hornets Timeout: Regular (Reg.5 Short 0),10:28 PM
426,0,8,441,0020401003,SUB: Carter FOR Griffin,,0:23,4,4,4,0,2204,Eddie Griffin,MIN,Minnesota,1610612750.0,Timberwolves,1853,Anthony Carter,MIN,Minnesota,1610612750.0,Timberwolves,0,,,,,,,,,10:30 PM
427,42,1,442,0020401003,,,0:20,4,5,5,0,2424,Dan Dickau,NOH,New Orleans,1610612740.0,Hornets,2411,Bostjan Nachbar,NOH,New Orleans,1610612740.0,Hornets,0,,,,,,97 - 103,6,Dickau  Driving Layup (17 PTS) (Nachbar 1 AST),10:31 PM
428,1,6,443,0020401003,,,0:17,4,5,0,1,136,P.J. Brown,NOH,New Orleans,1610612740.0,Hornets,0,,,,,,0,,,,,,,,Brown P.FOUL (P5.PN),10:31 PM
429,11,3,444,0020401003,Hoiberg Free Throw 1 of 2 (9 PTS),,0:17,4,4,0,0,697,Fred Hoiberg,MIN,Minnesota,1610612750.0,Timberwolves,0,,,,,,0,,,,,,97 - 104,7,,10:31 PM
430,12,3,445,0020401003,Hoiberg Free Throw 2 of 2 (10 PTS),,0:17,4,4,0,0,697,Fred Hoiberg,MIN,Minnesota,1610612750.0,Timberwolves,0,,,,,,0,,,,,,97 - 105,8,,10:31 PM
431,1,1,447,0020401003,,,0:12,4,5,0,0,2747,J.R. Smith,NOH,New Orleans,1610612740.0,Hornets,0,,,,,,0,,,,,,100 - 105,5,Smith 24' 3PT Jump Shot (20 PTS),10:32 PM
432,1,6,448,0020401003,,,0:11,4,5,0,1,2424,Dan Dickau,NOH,New Orleans,1610612740.0,Hornets,0,,,,,,0,,,,,,,,Dickau P.FOUL (P5.PN),10:32 PM
433,11,3,449,0020401003,Hoiberg Free Throw 1 of 2 (11 PTS),,0:11,4,4,0,0,697,Fred Hoiberg,MIN,Minnesota,1610612750.0,Timberwolves,0,,,,,,0,,,,,,100 - 106,6,,10:32 PM
434,12,3,450,0020401003,Hoiberg Free Throw 2 of 2 (12 PTS),,0:11,4,4,0,0,697,Fred Hoiberg,MIN,Minnesota,1610612750.0,Timberwolves,0,,,,,,0,,,,,,100 - 107,7,,10:32 PM
435,1,2,451,0020401003,,,0:04,4,5,0,0,2747,J.R. Smith,NOH,New Orleans,1610612740.0,Hornets,0,,,,,,0,,,,,,,,MISS Smith 28' 3PT Jump Shot,10:33 PM
436,0,4,452,0020401003,,,0:02,4,5,0,0,136,P.J. Brown,NOH,New Orleans,1610612740.0,Hornets,0,,,,,,0,,,,,,,,Brown REBOUND (Off:3 Def:2),10:33 PM
437,3,1,453,0020401003,,,0:00,4,5,0,0,136,P.J. Brown,NOH,New Orleans,1610612740.0,Hornets,0,,,,,,0,,,,,,102 - 107,5,Brown 7' Hook Shot (10 PTS),10:33 PM
438,0,13,454,0020401003,,,0:00,4,0,0,0,0,,,,,,0,,,,,,0,,,,,,102 - 107,5,,10:33 PM
