,EVENTMSGACTIONTYPE,EVENTMSGTYPE,EVENTNUM,GAME_ID,HOMEDESCRIPTION,NEUTRALDESCRIPTION,PCTIMESTRING,PERIOD,PERSON1TYPE,PERSON2TYPE,PERSON3TYPE,PLAYER1_ID,PLAYER1_NAME,PLAYER1_TEAM_ABBREVIATION,PLAYER1_TEAM_CITY,PLAYER1_TEAM_ID,PLAYER1_TEAM_NICKNAME,PLAYER2_ID,PLAYER2_NAME,PLAYER2_TEAM_ABBREVIATION,PLAYER2_TEAM_CITY,PLAYER2_TEAM_ID,PLAYER2_TEAM_NICKNAME,PLAYER3_ID,PLAYER3_NAME,PLAYER3_TEAM_ABBREVIATION,PLAYER3_TEAM_CITY,PLAYER3_TEAM_ID,PLAYER3_TEAM_NICKNAME,SCORE,SCOREMARGIN,VISITORDESCRIPTION,WCTIMESTRING
0,0,12,0,0021200271,,,12:00,1,0,0,0,0,,,,,,0,,,,,,0,,,,,,,,,7:13 PM
1,0,10,1,0021200271,Jump Ball Hibbert vs. Koufos: Tip to Lawson,,12:00,1,4,5,5,201579,Roy Hibbert,IND,Indiana,1610612754.0,Pacers,201585,Kosta Koufos,DEN,Denver,1610612743.0,Nuggets,201951,Ty Lawson,DEN,Denver,1610612743.0,Nuggets,,,,7:13 PM
2,5,1,2,0021200271,,,11:40,1,5,5,0,201585,Kosta Koufos,DEN,Denver,1610612743.0,Nuggets,201951,Ty Lawson,DEN,Denver,1610612743.0,Nuggets,0,,,,,,2 - 0,-2,Koufos 3' Layup (2 PTS) (Lawson 1 AST),7:13 PM
3,1,1,3,0021200271,West 16' Jump Shot (2 PTS) (George 1 AST),,11:24,1,4,4,0,2561,David West,IND,Indiana,1610612754.0,Pacers,202331,Paul George,IND,Indiana,1610612754.0,Pacers,0,,,,,,2 - 2,TIE,,7:14 PM
4,27,6,4,0021200271,Stephenson Personal Block Foul (P1.T1),,11:06,1,4,5,1,202362,Lance Stephenson,IND,Indiana,1610612754.0,Pacers,201568,Danilo Gallinari,DEN,Denver,1610612743.0,Nuggets,0,,,,,,,,,7:14 PM
5,1,5,5,0021200271,Hibbert STEAL (1 STL),,10:58,1,5,4,0,2738,Andre Iguodala,DEN,Denver,1610612743.0,Nuggets,201579,Roy Hibbert,IND,Indiana,1610612754.0,Pacers,0,,,,,,,,Iguodala Bad Pass Turnover (P1.T1),7:14 PM
6,2,6,6,0021200271,,,10:43,1,5,4,1,202702,Kenneth Faried,DEN,Denver,1610612743.0,Nuggets,2561,David West,IND,Indiana,1610612754.0,Pacers,0,,,,,,,,Faried S.FOUL (P1.T1),7:15 PM
7,11,3,7,0021200271,West Free Throw 1 of 2 (3 PTS),,10:43,1,4,0,0,2561,David West,IND,Indiana,1610612754.0,Pacers,0,,,,,,0,,,,,,2 - 3,1,,7:15 PM
8,12,3,9,0021200271,West Free Throw 2 of 2 (4 PTS),,10:43,1,4,0,0,2561,David West,IND,Indiana,1610612754.0,Pacers,0,,,,,,0,,,,,,2 - 4,2,,7:15 PM
9,1,2,11,0021200271,Hibbert BLOCK (1 BLK),,10:32,1,5,0,4,202702,Kenneth Faried,DEN,Denver,1610612743.0,Nuggets,0,,,,,,201579,Roy Hibbert,IND,Indiana,1610612754.0,Pacers,,,MISS Faried 5' Jump Shot,7:16 PM
10,0,4,12,0021200271,George REBOUND (Off:0 Def:1),,10:31,1,4,0,0,202331,Paul George,IND,Indiana,1610612754.0,Pacers,0,,,,,,0,,,,,,,,,7:16 PM
11,5,1,13,0021200271,Stephenson 3' Layup (2 PTS) (George 2 AST),,10:27,1,4,4,0,202362,Lance Stephenson,IND,Indiana,1610612754.0,Pacers,202331,Paul George,IND,Indiana,1610612754.0,Pacers,0,,,,,,2 - 6,4,,7:16 PM
12,47,2,14,0021200271,,,10:10,1,5,0,0,201568,Danilo Gallinari,DEN,Denver,1610612743.0,Nuggets,0,,,,,,0,,,,,,,,MISS Gallinari 16' Turnaround Jump Shot,7:16 PM
13,0,4,15,0021200271,West REBOUND (Off:0 Def:1),,10:09,1,4,0,0,2561,David West,IND,Indiana,1610612754.0,Pacers,0,,,,,,0,,,,,,,,,7:16 PM
14,1,1,17,0021200271,George 19' Jump Shot (2 PTS) (Hill 1 AST),,9:53,1,4,4,0,202331,Paul George,IND,Indiana,1610612754.0,Pacers,201588,George Hill,IND,Indiana,1610612754.0,Pacers,0,,,,,,2 - 8,6,,7:16 PM
15,1,2,18,0021200271,George BLOCK (1 BLK),,9:40,1,5,0,4,2738,Andre Iguodala,DEN,Denver,1610612743.0,Nuggets,0,,,,,,202331,Paul George,IND,Indiana,1610612754.0,Pacers,,,MISS Iguodala 15' Jump Shot,7:17 PM
16,0,4,19,0021200271,,,9:39,1,3,0,0,1610612743,,,,,,0,,,,,,0,,,,,,,,Nuggets Rebound,7:17 PM
17,1,2,20,0021200271,,,9:32,1,5,0,0,201585,Kosta Koufos,DEN,Denver,1610612743.0,Nuggets,0,,,,,,0,,,,,,,,MISS Koufos 5' Jump Shot,7:17 PM
18,0,4,21,0021200271,West REBOUND (Off:0 Def:2),,9:31,1,4,0,0,2561,David West,IND,Indiana,1610612754.0,Pacers,0,,,,,,0,,,,,,,,,7:17 PM
19,47,1,22,0021200271,Hibbert 13' Turnaround Jump Shot (2 PTS),,9:19,1,4,0,0,201579,Roy Hibbert,IND,Indiana,1610612754.0,Pacers,0,,,,,,0,,,,,,2 - 10,8,,7:17 PM
20,79,2,23,0021200271,,,9:07,1,5,0,0,201951,Ty Lawson,DEN,Denver,1610612743.0,Nuggets,0,,,,,,0,,,,,,,,MISS Lawson 12' Pullup Jump Shot,7:17 PM
21,0,4,24,0021200271,,,9:05,1,5,0,0,201568,Danilo Gallinari,DEN,Denver,1610612743.0,Nuggets,0,,,,,,0,,,,,,,,Gallinari REBOUND (Off:1 Def:0),7:17 PM
22,1,2,25,0021200271,,,9:01,1,5,0,0,201951,Ty Lawson,DEN,Denver,1610612743.0,Nuggets,0,,,,,,0,,,,,,,,MISS Lawson 24' 3PT Jump Shot,7:18 PM
23,0,4,26,0021200271,Hibbert REBOUND (Off:0 Def:1),,8:59,1,4,0,0,201579,Roy Hibbert,IND,Indiana,1610612754.0,Pacers,0,,,,,,0,,,,,,,,,7:18 PM
24,1,1,27,0021200271,West 20' Jump Shot (6 PTS) (George 3 AST),,8:44,1,4,4,0,2561,David West,IND,Indiana,1610612754.0,Pacers,202331,Paul George,IND,Indiana,1610612754.0,Pacers,0,,,,,,2 - 12,10,,7:18 PM
25,1,9,28,0021200271,,,8:36,1,3,0,0,1610612743,,,,,,0,,,,,,0,,,,,,,,Nuggets Timeout: Regular (Reg.1 Short 0),7:18 PM
26,65,1,30,0021200271,,,8:21,1,5,0,0,202702,Kenneth Faried,DEN,Denver,1610612743.0,Nuggets,0,,,,,,0,,,,,,4 - 12,8,Faried 10' Jump Hook Shot (2 PTS),7:21 PM
27,3,2,31,0021200271,MISS Hibbert 7' Hook Shot,,8:03,1,4,0,0,201579,Roy Hibbert,IND,Indiana,1610612754.0,Pacers,0,,,,,,0,,,,,,,,,7:21 PM
28,0,4,32,0021200271,,,8:02,1,5,0,0,201568,Danilo Gallinari,DEN,Denver,1610612743.0,Nuggets,0,,,,,,0,,,,,,,,Gallinari REBOUND (Off:1 Def:1),7:21 PM
29,42,1,33,0021200271,,,7:54,1,5,5,0,201585,Kosta Koufos,DEN,Denver,1610612743.0,Nuggets,201568,Danilo Gallinari,DEN,Denver,1610612743.0,Nuggets,0,,,,,,6 - 12,6,Koufos 3' Driving Layup (4 PTS) (Gallinari 1 AST),7:21 PM
30,44,1,34,0021200271,George 2' Reverse Layup (4 PTS) (Hibbert 1 AST),,7:41,1,4,4,0,202331,Paul George,IND,Indiana,1610612754.0,Pacers,201579,Roy Hibbert,IND,Indiana,1610612754.0,Pacers,0,,,,,,6 - 14,8,,7:22 PM
31,1,2,35,0021200271,,,7:29,1,5,0,0,2738,Andre Iguodala,DEN,Denver,1610612743.0,Nuggets,0,,,,,,0,,,,,,,,MISS Iguodala 26' 3PT Jump Shot,7:22 PM
32,0,4,36,0021200271,,,7:28,1,5,0,0,201585,Kosta Koufos,DEN,Denver,1610612743.0,Nuggets,0,,,,,,0,,,,,,,,Koufos REBOUND (Off:1 Def:0),7:22 PM
33,1,5,37,0021200271,George STEAL (1 STL),,7:17,1,5,4,0,201568,Danilo Gallinari,DEN,Denver,1610612743.0,Nuggets,202331,Paul George,IND,Indiana,1610612754.0,Pacers,0,,,,,,,,Gallinari Bad Pass Turnover (P1.T2),7:22 PM
34,5,2,38,0021200271,MISS George 2' Layup,,7:12,1,4,0,0,202331,Paul George,IND,Indiana,1610612754.0,Pacers,0,,,,,,0,,,,,,,,,7:22 PM
35,0,4,39,0021200271,,,7:12,1,5,0,0,202702,Kenneth Faried,DEN,Denver,1610612743.0,Nuggets,0,,,,,,0,,,,,,,,Faried REBOUND (Off:0 Def:1),7:22 PM
36,0,8,41,0021200271,,,7:04,1,5,5,0,2738,Andre Iguodala,DEN,Denver,1610612743.0,Nuggets,201147,Corey Brewer,DEN,Denver,1610612743.0,Nuggets,0,,,,,,,,SUB: Brewer FOR Iguodala,7:23 PM
37,0,8,42,0021200271,,,7:04,1,5,5,0,201568,Danilo Gallinari,DEN,Denver,1610612743.0,Nuggets,202706,Jordan Hamilton,DEN,Denver,1610612743.0,Nuggets,0,,,,,,,,SUB: Hamilton FOR Gallinari,7:23 PM
38,17,6,43,0021200271,PACERS T.Foul (Def. 3 Sec West ),,6:59,1,4,0,1,2561,David West,IND,Indiana,1610612754.0,Pacers,0,,,,,,0,,,,,,,,,7:23 PM
39,16,3,44,0021200271,,,6:59,1,5,0,0,202706,Jordan Hamilton,DEN,Denver,1610612743.0,Nuggets,0,,,,,,0,,,,,,,,MISS Hamilton Free Throw Technical,7:23 PM
40,1,4,45,0021200271,,,6:59,1,3,0,0,1610612743,,,,,,0,,,,,,0,,,,,,,,Nuggets Rebound,7:23 PM
41,1,6,47,0021200271,Hill P.FOUL (P1.T2),,6:54,1,4,5,1,201588,George Hill,IND,Indiana,1610612754.0,Pacers,201147,Corey Brewer,DEN,Denver,1610612743.0,Nuggets,0,,,,,,,,,7:24 PM
42,75,1,48,0021200271,,,6:47,1,5,5,0,201585,Kosta Koufos,DEN,Denver,1610612743.0,Nuggets,201147,Corey Brewer,DEN,Denver,1610612743.0,Nuggets,0,,,,,,8 - 14,6,Koufos 3' Driving Finger Roll Layup (6 PTS) (Brewer 1 AST),7:24 PM
43,1,6,49,0021200271,,,6:41,1,5,4,1,201585,Kosta Koufos,DEN,Denver,1610612743.0,Nuggets,201579,Roy Hibbert,IND,Indiana,1610612754.0,Pacers,0,,,,,,,,Koufos P.FOUL (P1.T2),7:24 PM
44,58,2,50,0021200271,MISS Hibbert 9' Turnaround Hook Shot,,6:33,1,4,0,0,201579,Roy Hibbert,IND,Indiana,1610612754.0,Pacers,0,,,,,,0,,,,,,,,,7:24 PM
45,0,4,51,0021200271,,,6:32,1,5,0,0,202702,Kenneth Faried,DEN,Denver,1610612743.0,Nuggets,0,,,,,,0,,,,,,,,Faried REBOUND (Off:0 Def:2),7:24 PM
46,1,2,52,0021200271,George BLOCK (2 BLK),,6:22,1,5,0,4,201147,Corey Brewer,DEN,Denver,1610612743.0,Nuggets,0,,,,,,202331,Paul George,IND,Indiana,1610612754.0,Pacers,,,MISS Brewer 9' Jump Shot,7:25 PM
47,0,4,53,0021200271,Hibbert REBOUND (Off:0 Def:2),,6:20,1,4,0,0,201579,Roy Hibbert,IND,Indiana,1610612754.0,Pacers,0,,,,,,0,,,,,,,,,7:25 PM
48,1,1,54,0021200271,West 8' Jump Shot (8 PTS) (Hill 2 AST),,6:06,1,4,4,0,2561,David West,IND,Indiana,1610612754.0,Pacers,201588,George Hill,IND,Indiana,1610612754.0,Pacers,0,,,,,,8 - 16,8,,7:25 PM
49,79,2,55,0021200271,,,5:47,1,5,0,0,201951,Ty Lawson,DEN,Denver,1610612743.0,Nuggets,0,,,,,,0,,,,,,,,MISS Lawson 17' Pullup Jump Shot,7:25 PM
50,0,4,57,0021200271,,,5:46,1,5,0,0,201585,Kosta Koufos,DEN,Denver,1610612743.0,Nuggets,0,,,,,,0,,,,,,,,Koufos REBOUND (Off:2 Def:0),7:25 PM
51,4,1,56,0021200271,,,5:46,1,5,0,0,201585,Kosta Koufos,DEN,Denver,1610612743.0,Nuggets,0,,,,,,0,,,,,,10 - 16,6,Koufos 1' Tip Shot (8 PTS),7:25 PM
52,46,2,58,0021200271,MISS Hill 5' Running Jump Shot,,5:29,1,4,0,0,201588,George Hill,IND,Indiana,1610612754.0,Pacers,0,,,,,,0,,,,,,,,,7:25 PM
53,0,4,60,0021200271,Hibbert REBOUND (Off:1 Def:2),,5:28,1,4,0,0,201579,Roy Hibbert,IND,Indiana,1610612754.0,Pacers,0,,,,,,0,,,,,,,,,7:26 PM
54,4,1,59,0021200271,Hibbert 1' Tip Shot (4 PTS),,5:28,1,4,0,0,201579,Roy Hibbert,IND,Indiana,1610612754.0,Pacers,0,,,,,,0,,,,,,10 - 18,8,,7:26 PM
55,4,6,61,0021200271,,,5:08,1,5,4,1,202702,Kenneth Faried,DEN,Denver,1610612743.0,Nuggets,201588,George Hill,IND,Indiana,1610612754.0,Pacers,0,,,,,,,,Faried OFF.Foul (P2),7:26 PM
56,5,5,62,0021200271,,,5:08,1,5,0,1,202702,Kenneth Faried,DEN,Denver,1610612743.0,Nuggets,0,,,,,,0,,,,,,,,Faried Foul Turnover (P1.T3),7:26 PM
57,0,8,63,0021200271,SUB: Green FOR West,,5:08,1,4,4,0,2561,David West,IND,Indiana,1610612754.0,Pacers,101123,Gerald Green,IND,Indiana,1610612754.0,Pacers,0,,,,,,,,,7:26 PM
58,0,8,64,0021200271,SUB: Hansbrough FOR Stephenson,,5:08,1,4,4,0,202362,Lance Stephenson,IND,Indiana,1610612754.0,Pacers,201946,Tyler Hansbrough,IND,Indiana,1610612754.0,Pacers,0,,,,,,,,,7:26 PM
59,0,8,65,0021200271,,,5:08,1,5,5,0,201585,Kosta Koufos,DEN,Denver,1610612743.0,Nuggets,201580,JaVale McGee,DEN,Denver,1610612743.0,Nuggets,0,,,,,,,,SUB: McGee FOR Koufos,7:26 PM
60,0,8,66,0021200271,,,5:08,1,5,5,0,202702,Kenneth Faried,DEN,Denver,1610612743.0,Nuggets,201568,Danilo Gallinari,DEN,Denver,1610612743.0,Nuggets,0,,,,,,,,SUB: Gallinari FOR Faried,7:26 PM
61,2,5,68,0021200271,Hibbert Lost Ball Turnover (P1.T1),,4:52,1,4,5,0,201579,Roy Hibbert,IND,Indiana,1610612754.0,Pacers,201951,Ty Lawson,DEN,Denver,1610612743.0,Nuggets,0,,,,,,,,Lawson STEAL (1 STL),7:27 PM
62,1,2,69,0021200271,,,4:45,1,5,0,0,201951,Ty Lawson,DEN,Denver,1610612743.0,Nuggets,0,,,,,,0,,,,,,,,MISS Lawson 25' 3PT Jump Shot,7:27 PM
63,0,4,70,0021200271,Hill REBOUND (Off:0 Def:1),,4:44,1,4,0,0,201588,George Hill,IND,Indiana,1610612754.0,Pacers,0,,,,,,0,,,,,,,,,7:27 PM
64,63,1,71,0021200271,Hill 15' Fadeaway Jumper (2 PTS),,4:33,1,4,0,0,201588,George Hill,IND,Indiana,1610612754.0,Pacers,0,,,,,,0,,,,,,10 - 20,10,,7:27 PM
65,1,2,72,0021200271,,,4:18,1,5,0,0,201147,Corey Brewer,DEN,Denver,1610612743.0,Nuggets,0,,,,,,0,,,,,,,,MISS Brewer 11' Jump Shot,7:27 PM
66,0,4,74,0021200271,,,4:17,1,5,0,0,201580,JaVale McGee,DEN,Denver,1610612743.0,Nuggets,0,,,,,,0,,,,,,,,McGee REBOUND (Off:1 Def:0),7:27 PM
67,87,1,73,0021200271,,,4:17,1,5,0,0,201580,JaVale McGee,DEN,Denver,1610612743.0,Nuggets,0,,,,,,0,,,,,,12 - 20,8,McGee 2' Putback Dunk (2 PTS),7:27 PM
68,79,2,75,0021200271,MISS Hill 20' Pullup Jump Shot,,3:58,1,4,0,0,201588,George Hill,IND,Indiana,1610612754.0,Pacers,0,,,,,,0,,,,,,,,,7:28 PM
69,0,4,76,0021200271,,,3:56,1,5,0,0,201147,Corey Brewer,DEN,Denver,1610612743.0,Nuggets,0,,,,,,0,,,,,,,,Brewer REBOUND (Off:0 Def:1),7:28 PM
70,1,2,77,0021200271,,,3:50,1,5,0,0,202706,Jordan Hamilton,DEN,Denver,1610612743.0,Nuggets,0,,,,,,0,,,,,,,,MISS Hamilton 22' Jump Shot,7:28 PM
71,0,4,78,0021200271,Hibbert REBOUND (Off:1 Def:3),,3:49,1,4,0,0,201579,Roy Hibbert,IND,Indiana,1610612754.0,Pacers,0,,,,,,0,,,,,,,,,7:28 PM
72,1,2,79,0021200271,MISS George 14' Jump Shot,,3:35,1,4,0,0,202331,Paul George,IND,Indiana,1610612754.0,Pacers,0,,,,,,0,,,,,,,,,7:28 PM
73,0,4,80,0021200271,,,3:33,1,5,0,0,201580,JaVale McGee,DEN,Denver,1610612743.0,Nuggets,0,,,,,,0,,,,,,,,McGee REBOUND (Off:1 Def:1),7:28 PM
74,5,1,81,0021200271,,,3:28,1,5,0,0,201580,JaVale McGee,DEN,Denver,1610612743.0,Nuggets,0,,,,,,0,,,,,,14 - 20,6,McGee 1' Layup (4 PTS),7:28 PM
75,1,9,82,0021200271,PACERS Timeout: Regular (Full 1 Short 0),,3:27,1,2,0,0,1610612754,,,,,,0,,,,,,0,,,,,,,,,7:28 PM
76,0,8,84,0021200271,,,3:27,1,5,5,0,201951,Ty Lawson,DEN,Denver,1610612743.0,Nuggets,1889,Andre Miller,DEN,Denver,1610612743.0,Nuggets,0,,,,,,,,SUB: Miller FOR Lawson,7:31 PM
77,0,8,85,0021200271,SUB: Mahinmi FOR Hibbert,,3:27,1,4,4,0,201579,Roy Hibbert,IND,Indiana,1610612754.0,Pacers,101133,Ian Mahinmi,IND,Indiana,1610612754.0,Pacers,0,,,,,,,,,7:31 PM
78,0,8,86,0021200271,SUB: Young FOR George,,3:27,1,4,4,0,202331,Paul George,IND,Indiana,1610612754.0,Pacers,201970,Sam Young,IND,Indiana,1610612754.0,Pacers,0,,,,,,,,,7:31 PM
79,1,1,87,0021200271,Young 20' Jump Shot (2 PTS) (Hill 3 AST),,3:05,1,4,4,0,201970,Sam Young,IND,Indiana,1610612754.0,Pacers,201588,George Hill,IND,Indiana,1610612754.0,Pacers,0,,,,,,14 - 22,8,,7:31 PM
80,1,6,88,0021200271,Green P.FOUL (P1.T3),,2:44,1,4,5,1,101123,Gerald Green,IND,Indiana,1610612754.0,Pacers,201568,Danilo Gallinari,DEN,Denver,1610612743.0,Nuggets,0,,,,,,,,,7:32 PM
81,5,1,89,0021200271,,,2:34,1,5,5,0,1889,Andre Miller,DEN,Denver,1610612743.0,Nuggets,201568,Danilo Gallinari,DEN,Denver,1610612743.0,Nuggets,0,,,,,,16 - 22,6,Miller 4' Layup (2 PTS) (Gallinari 2 AST),7:32 PM
82,1,2,90,0021200271,MISS Hill 25' 3PT Jump Shot,,2:20,1,4,0,0,201588,George Hill,IND,Indiana,1610612754.0,Pacers,0,,,,,,0,,,,,,,,,7:32 PM
83,0,4,91,0021200271,,,2:19,1,5,0,0,202706,Jordan Hamilton,DEN,Denver,1610612743.0,Nuggets,0,,,,,,0,,,,,,,,Hamilton REBOUND (Off:0 Def:1),7:32 PM
84,7,1,92,0021200271,,,2:09,1,5,5,0,201580,JaVale McGee,DEN,Denver,1610612743.0,Nuggets,1889,Andre Miller,DEN,Denver,1610612743.0,Nuggets,0,,,,,,18 - 22,4,McGee 2' Dunk (6 PTS) (Miller 1 AST),7:33 PM
85,26,6,93,0021200271,Hansbrough Offensive Charge Foul (P1.T4),,1:40,1,4,5,1,201946,Tyler Hansbrough,IND,Indiana,1610612754.0,Pacers,201580,JaVale McGee,DEN,Denver,1610612743.0,Nuggets,0,,,,,,,,,7:33 PM
86,5,5,94,0021200271,Hansbrough Foul Turnover (P1.T2),,1:40,1,4,0,1,201946,Tyler Hansbrough,IND,Indiana,1610612754.0,Pacers,0,,,,,,0,,,,,,,,,7:33 PM
87,1,2,96,0021200271,,,1:29,1,5,0,0,201147,Corey Brewer,DEN,Denver,1610612743.0,Nuggets,0,,,,,,0,,,,,,,,MISS Brewer  3PT Jump Shot,7:34 PM
88,0,4,97,0021200271,PACERS Rebound,,1:28,1,2,0,0,1610612754,,,,,,0,,,,,,0,,,,,,,,,7:34 PM
89,3,6,98,0021200271,,,1:28,1,5,4,1,201580,JaVale McGee,DEN,Denver,1610612743.0,Nuggets,101133,Ian Mahinmi,IND,Indiana,1610612754.0,Pacers,0,,,,,,,,McGee L.B.FOUL (P1.T3),7:34 PM
90,1,1,99,0021200271,Hill 26' 3PT Jump Shot (5 PTS) (Young 1 AST),,1:11,1,4,4,0,201588,George Hill,IND,Indiana,1610612754.0,Pacers,201970,Sam Young,IND,Indiana,1610612754.0,Pacers,0,,,,,,18 - 25,7,,7:34 PM
91,1,2,100,0021200271,,,0:53,1,5,0,0,201568,Danilo Gallinari,DEN,Denver,1610612743.0,Nuggets,0,,,,,,0,,,,,,,,MISS Gallinari 6' Jump Shot,7:35 PM
92,0,4,102,0021200271,,,0:53,1,5,0,0,201580,JaVale McGee,DEN,Denver,1610612743.0,Nuggets,0,,,,,,0,,,,,,,,McGee REBOUND (Off:2 Def:1),7:35 PM
93,4,1,101,0021200271,,,0:53,1,5,0,0,201580,JaVale McGee,DEN,Denver,1610612743.0,Nuggets,0,,,,,,0,,,,,,20 - 25,5,McGee 2' Tip Shot (8 PTS),7:35 PM
94,1,2,103,0021200271,MISS Young 4' Jump Shot,,0:34,1,4,0,5,201970,Sam Young,IND,Indiana,1610612754.0,Pacers,0,,,,,,201568,Danilo Gallinari,DEN,Denver,1610612743.0,Nuggets,,,Gallinari BLOCK (1 BLK),7:35 PM
95,0,4,104,0021200271,,,0:32,1,5,0,0,201147,Corey Brewer,DEN,Denver,1610612743.0,Nuggets,0,,,,,,0,,,,,,,,Brewer REBOUND (Off:0 Def:2),7:35 PM
96,1,2,105,0021200271,,,0:25,1,5,0,0,202706,Jordan Hamilton,DEN,Denver,1610612743.0,Nuggets,0,,,,,,0,,,,,,,,MISS Hamilton  3PT Jump Shot,7:35 PM
97,0,4,106,0021200271,Hill REBOUND (Off:0 Def:2),,0:24,1,4,0,0,201588,George Hill,IND,Indiana,1610612754.0,Pacers,0,,,,,,0,,,,,,,,,7:35 PM
98,1,5,107,0021200271,Hill Bad Pass Turnover (P1.T3),,0:18,1,4,5,0,201588,George Hill,IND,Indiana,1610612754.0,Pacers,202706,Jordan Hamilton,DEN,Denver,1610612743.0,Nuggets,0,,,,,,,,Hamilton STEAL (1 STL),7:35 PM
99,8,1,108,0021200271,,,0:15,1,5,5,0,201147,Corey Brewer,DEN,Denver,1610612743.0,Nuggets,202706,Jordan Hamilton,DEN,Denver,1610612743.0,Nuggets,0,,,,,,22 - 25,3,Brewer 3' Slam Dunk (2 PTS) (Hamilton 1 AST),7:35 PM
100,1,1,109,0021200271,Hill 25' 3PT Jump Shot (8 PTS),,0:02,1,4,0,0,201588,George Hill,IND,Indiana,1610612754.0,Pacers,0,,,,,,0,,,,,,22 - 28,6,,7:36 PM
101,1,2,110,0021200271,,,0:00,1,5,0,0,202706,Jordan Hamilton,DEN,Denver,1610612743.0,Nuggets,0,,,,,,0,,,,,,,,MISS Hamilton 50' 3PT Jump Shot,7:36 PM
102,0,4,111,0021200271,,,0:00,1,3,0,0,1610612743,,,,,,0,,,,,,0,,,,,,,,Nuggets Rebound,7:36 PM
103,0,13,112,0021200271,,,0:00,1,0,0,0,0,,,,,,0,,,,,,0,,,,,,22 - 28,6,,7:36 PM
104,0,12,114,0021200271,,,12:00,2,0,0,0,0,,,,,,0,,,,,,0,,,,,,22 - 28,6,,7:39 PM
105,1,2,115,0021200271,MISS Green 12' Jump Shot,,11:41,2,4,0,0,101123,Gerald Green,IND,Indiana,1610612754.0,Pacers,0,,,,,,0,,,,,,,,,7:39 PM
106,0,4,116,0021200271,,,11:40,2,3,0,0,1610612743,,,,,,0,,,,,,0,,,,,,,,Nuggets Rebound,7:39 PM
107,2,6,117,0021200271,Mahinmi S.FOUL (P1.T1),,11:29,2,4,5,1,101133,Ian Mahinmi,IND,Indiana,1610612754.0,Pacers,201580,JaVale McGee,DEN,Denver,1610612743.0,Nuggets,0,,,,,,,,,7:39 PM
108,11,3,118,0021200271,,,11:29,2,5,0,0,201580,JaVale McGee,DEN,Denver,1610612743.0,Nuggets,0,,,,,,0,,,,,,,,MISS McGee Free Throw 1 of 2,7:40 PM
109,1,4,119,0021200271,,,11:29,2,3,0,0,1610612743,,,,,,0,,,,,,0,,,,,,,,Nuggets Rebound,7:40 PM
110,0,8,120,0021200271,,,11:29,2,5,5,0,202706,Jordan Hamilton,DEN,Denver,1610612743.0,Nuggets,2738,Andre Iguodala,DEN,Denver,1610612743.0,Nuggets,0,,,,,,,,SUB: Iguodala FOR Hamilton,7:40 PM
111,12,3,121,0021200271,,,11:29,2,5,0,0,201580,JaVale McGee,DEN,Denver,1610612743.0,Nuggets,0,,,,,,0,,,,,,,,MISS McGee Free Throw 2 of 2,7:40 PM
112,0,4,123,0021200271,Hansbrough REBOUND (Off:0 Def:1),,11:29,2,4,0,0,201946,Tyler Hansbrough,IND,Indiana,1610612754.0,Pacers,0,,,,,,0,,,,,,,,,7:40 PM
113,10,5,124,0021200271,PACERS Turnover: 8 Second Violation (T#4),,11:21,2,2,0,1,1610612754,,,,,,0,,,,,,0,,,,,,,,,7:40 PM
114,5,1,125,0021200271,,,11:04,2,5,5,0,1889,Andre Miller,DEN,Denver,1610612743.0,Nuggets,201568,Danilo Gallinari,DEN,Denver,1610612743.0,Nuggets,0,,,,,,24 - 28,4,Miller 2' Layup (4 PTS) (Gallinari 3 AST),7:41 PM
115,1,2,126,0021200271,MISS Mahinmi 20' Jump Shot,,10:42,2,4,0,0,101133,Ian Mahinmi,IND,Indiana,1610612754.0,Pacers,0,,,,,,0,,,,,,,,,7:41 PM
116,0,4,127,0021200271,,,10:42,2,5,0,0,201147,Corey Brewer,DEN,Denver,1610612743.0,Nuggets,0,,,,,,0,,,,,,,,Brewer REBOUND (Off:0 Def:3),7:41 PM
117,1,1,128,0021200271,,,10:30,2,5,5,0,201147,Corey Brewer,DEN,Denver,1610612743.0,Nuggets,1889,Andre Miller,DEN,Denver,1610612743.0,Nuggets,0,,,,,,27 - 28,1,Brewer 25' 3PT Jump Shot (5 PTS) (Miller 2 AST),7:41 PM
118,2,6,129,0021200271,,,10:10,2,5,4,1,201147,Corey Brewer,DEN,Denver,1610612743.0,Nuggets,201571,D.J. Augustin,IND,Indiana,1610612754.0,Pacers,0,,,,,,,,Brewer S.FOUL (P1.T1),7:42 PM
119,11,3,130,0021200271,MISS Augustin Free Throw 1 of 2,,10:10,2,4,0,0,201571,D.J. Augustin,IND,Indiana,1610612754.0,Pacers,0,,,,,,0,,,,,,,,,7:42 PM
120,1,4,131,0021200271,PACERS Rebound,,10:10,2,2,0,0,1610612754,,,,,,0,,,,,,0,,,,,,,,,7:42 PM
121,12,3,132,0021200271,Augustin Free Throw 2 of 2 (1 PTS),,10:10,2,4,0,0,201571,D.J. Augustin,IND,Indiana,1610612754.0,Pacers,0,,,,,,0,,,,,,27 - 29,2,,7:42 PM
122,65,1,134,0021200271,,,9:49,2,5,5,0,201580,JaVale McGee,DEN,Denver,1610612743.0,Nuggets,1889,Andre Miller,DEN,Denver,1610612743.0,Nuggets,0,,,,,,29 - 29,TIE,McGee 11' Jump Hook Shot (10 PTS) (Miller 3 AST),7:43 PM
123,1,5,135,0021200271,Augustin Bad Pass Turnover (P1.T5),,9:32,2,4,5,0,201571,D.J. Augustin,IND,Indiana,1610612754.0,Pacers,2738,Andre Iguodala,DEN,Denver,1610612743.0,Nuggets,0,,,,,,,,Iguodala STEAL (1 STL),7:43 PM
124,8,1,136,0021200271,,,9:24,2,5,5,0,201580,JaVale McGee,DEN,Denver,1610612743.0,Nuggets,2738,Andre Iguodala,DEN,Denver,1610612743.0,Nuggets,0,,,,,,31 - 29,-2,McGee 1' Slam Dunk (12 PTS) (Iguodala 1 AST),7:43 PM
125,1,1,137,0021200271,Young 24' 3PT Jump Shot (5 PTS) (Augustin 1 AST),,9:10,2,4,4,0,201970,Sam Young,IND,Indiana,1610612754.0,Pacers,201571,D.J. Augustin,IND,Indiana,1610612754.0,Pacers,0,,,,,,31 - 32,1,,7:43 PM
126,42,1,138,0021200271,,,8:54,2,5,5,0,201147,Corey Brewer,DEN,Denver,1610612743.0,Nuggets,1889,Andre Miller,DEN,Denver,1610612743.0,Nuggets,0,,,,,,33 - 32,-1,Brewer 3' Driving Layup (7 PTS) (Miller 4 AST),7:44 PM
127,1,9,139,0021200271,PACERS Timeout: Regular (Full 2 Short 0),,8:53,2,2,0,0,1610612754,,,,,,0,,,,,,0,,,,,,,,,7:44 PM
128,0,8,141,0021200271,,,8:53,2,5,5,0,201147,Corey Brewer,DEN,Denver,1610612743.0,Nuggets,201951,Ty Lawson,DEN,Denver,1610612743.0,Nuggets,0,,,,,,,,SUB: Lawson FOR Brewer,7:46 PM
129,0,8,142,0021200271,SUB: West FOR Green,,8:53,2,4,4,0,101123,Gerald Green,IND,Indiana,1610612754.0,Pacers,2561,David West,IND,Indiana,1610612754.0,Pacers,0,,,,,,,,,7:46 PM
130,0,8,143,0021200271,SUB: Stephenson FOR Hansbrough,,8:53,2,4,4,0,201946,Tyler Hansbrough,IND,Indiana,1610612754.0,Pacers,202362,Lance Stephenson,IND,Indiana,1610612754.0,Pacers,0,,,,,,,,,7:46 PM
131,1,6,144,0021200271,,,8:41,2,5,4,1,201568,Danilo Gallinari,DEN,Denver,1610612743.0,Nuggets,2561,David West,IND,Indiana,1610612754.0,Pacers,0,,,,,,,,Gallinari P.FOUL (P1.T2),7:46 PM
132,1,2,145,0021200271,MISS Augustin 25' 3PT Jump Shot,,8:28,2,4,0,0,201571,D.J. Augustin,IND,Indiana,1610612754.0,Pacers,0,,,,,,0,,,,,,,,,7:47 PM
133,0,4,146,0021200271,Mahinmi REBOUND (Off:1 Def:0),,8:27,2,4,0,0,101133,Ian Mahinmi,IND,Indiana,1610612754.0,Pacers,0,,,,,,0,,,,,,,,,7:47 PM
134,2,7,148,0021200271,,,8:27,2,5,0,1,201580,JaVale McGee,DEN,Denver,1610612743.0,Nuggets,0,,,,,,0,,,,,,,,McGee Violation:Defensive Goaltending,7:47 PM
135,3,1,147,0021200271,Mahinmi 3' Hook Shot (2 PTS),,8:27,2,4,0,0,101133,Ian Mahinmi,IND,Indiana,1610612754.0,Pacers,0,,,,,,0,,,,,,33 - 34,1,,7:47 PM
136,29,6,149,0021200271,Mahinmi Shooting Block Foul (P2.T2),,8:14,2,4,5,1,101133,Ian Mahinmi,IND,Indiana,1610612754.0,Pacers,201568,Danilo Gallinari,DEN,Denver,1610612743.0,Nuggets,0,,,,,,,,,7:47 PM
137,11,3,150,0021200271,,,8:14,2,5,0,0,201568,Danilo Gallinari,DEN,Denver,1610612743.0,Nuggets,0,,,,,,0,,,,,,,,MISS Gallinari Free Throw 1 of 2,7:48 PM
138,1,4,151,0021200271,,,8:14,2,3,0,0,1610612743,,,,,,0,,,,,,0,,,,,,,,Nuggets Rebound,7:48 PM
139,12,3,152,0021200271,,,8:14,2,5,0,0,201568,Danilo Gallinari,DEN,Denver,1610612743.0,Nuggets,0,,,,,,0,,,,,,34 - 34,TIE,Gallinari Free Throw 2 of 2 (1 PTS),7:48 PM
140,2,5,154,0021200271,Mahinmi Lost Ball Turnover (P1.T6),,8:03,2,4,5,0,101133,Ian Mahinmi,IND,Indiana,1610612754.0,Pacers,201568,Danilo Gallinari,DEN,Denver,1610612743.0,Nuggets,0,,,,,,,,Gallinari STEAL (1 STL),7:48 PM
141,1,6,155,0021200271,Mahinmi P.FOUL (P3.T3),,8:03,2,4,5,1,101133,Ian Mahinmi,IND,Indiana,1610612754.0,Pacers,201568,Danilo Gallinari,DEN,Denver,1610612743.0,Nuggets,0,,,,,,,,,7:48 PM
142,0,8,156,0021200271,,,8:03,2,5,5,0,201568,Danilo Gallinari,DEN,Denver,1610612743.0,Nuggets,201585,Kosta Koufos,DEN,Denver,1610612743.0,Nuggets,0,,,,,,,,SUB: Koufos FOR Gallinari,7:48 PM
143,0,8,157,0021200271,SUB: Hibbert FOR Mahinmi,,8:03,2,4,4,0,101133,Ian Mahinmi,IND,Indiana,1610612754.0,Pacers,201579,Roy Hibbert,IND,Indiana,1610612754.0,Pacers,0,,,,,,,,,7:48 PM
144,1,2,158,0021200271,,,7:53,2,5,0,0,2738,Andre Iguodala,DEN,Denver,1610612743.0,Nuggets,0,,,,,,0,,,,,,,,MISS Iguodala  3PT Jump Shot,7:49 PM
145,0,4,159,0021200271,Hibbert REBOUND (Off:1 Def:4),,7:52,2,4,0,0,201579,Roy Hibbert,IND,Indiana,1610612754.0,Pacers,0,,,,,,0,,,,,,,,,7:49 PM
146,1,5,160,0021200271,Augustin Bad Pass Turnover (P2.T7),,7:40,2,4,0,0,201571,D.J. Augustin,IND,Indiana,1610612754.0,Pacers,0,,,,,,0,,,,,,,,,7:49 PM
147,7,1,161,0021200271,,,7:19,2,5,5,0,2738,Andre Iguodala,DEN,Denver,1610612743.0,Nuggets,1889,Andre Miller,DEN,Denver,1610612743.0,Nuggets,0,,,,,,36 - 34,-2,Iguodala 2' Dunk (2 PTS) (Miller 5 AST),7:50 PM
148,1,5,162,0021200271,Stephenson Bad Pass Turnover (P1.T8),,6:54,2,4,0,0,202362,Lance Stephenson,IND,Indiana,1610612754.0,Pacers,0,,,,,,0,,,,,,,,,7:50 PM
149,2,6,163,0021200271,Hibbert S.FOUL (P1.T4),,6:40,2,4,5,1,201579,Roy Hibbert,IND,Indiana,1610612754.0,Pacers,201580,JaVale McGee,DEN,Denver,1610612743.0,Nuggets,0,,,,,,,,,7:51 PM
150,11,3,164,0021200271,,,6:40,2,5,0,0,201580,JaVale McGee,DEN,Denver,1610612743.0,Nuggets,0,,,,,,0,,,,,,37 - 34,-3,McGee Free Throw 1 of 2 (13 PTS),7:51 PM
151,0,8,166,0021200271,SUB: George FOR Young,,6:40,2,4,4,0,201970,Sam Young,IND,Indiana,1610612754.0,Pacers,202331,Paul George,IND,Indiana,1610612754.0,Pacers,0,,,,,,,,,7:51 PM
152,12,3,167,0021200271,,,6:40,2,5,0,0,201580,JaVale McGee,DEN,Denver,1610612743.0,Nuggets,0,,,,,,0,,,,,,38 - 34,-4,McGee Free Throw 2 of 2 (14 PTS),7:51 PM
153,15,5,170,0021200271,Hibbert Offensive Goaltending Turnover (P2.T9),,6:25,2,4,0,1,201579,Roy Hibbert,IND,Indiana,1610612754.0,Pacers,0,,,,,,0,,,,,,,,,7:52 PM
154,5,2,171,0021200271,,,6:12,2,5,0,0,201585,Kosta Koufos,DEN,Denver,1610612743.0,Nuggets,0,,,,,,0,,,,,,,,MISS Koufos 3' Layup,7:52 PM
155,0,4,172,0021200271,,,6:11,2,5,0,0,201585,Kosta Koufos,DEN,Denver,1610612743.0,Nuggets,0,,,,,,0,,,,,,,,Koufos REBOUND (Off:3 Def:0),7:52 PM
156,3,2,173,0021200271,,,6:09,2,5,0,0,201585,Kosta Koufos,DEN,Denver,1610612743.0,Nuggets,0,,,,,,0,,,,,,,,MISS Koufos 4' Hook Shot,7:52 PM
157,0,4,174,0021200271,Stephenson REBOUND (Off:0 Def:1),,6:08,2,4,0,0,202362,Lance Stephenson,IND,Indiana,1610612754.0,Pacers,0,,,,,,0,,,,,,,,,7:52 PM
158,3,2,175,0021200271,MISS Hibbert 11' Hook Shot,,5:55,2,4,0,0,201579,Roy Hibbert,IND,Indiana,1610612754.0,Pacers,0,,,,,,0,,,,,,,,,7:52 PM
159,0,4,177,0021200271,Hibbert REBOUND (Off:2 Def:4),,5:51,2,4,0,0,201579,Roy Hibbert,IND,Indiana,1610612754.0,Pacers,0,,,,,,0,,,,,,,,,7:53 PM
160,4,2,176,0021200271,MISS Hibbert 2' Tip Shot,,5:51,2,4,0,0,201579,Roy Hibbert,IND,Indiana,1610612754.0,Pacers,0,,,,,,0,,,,,,,,,7:53 PM
161,0,4,178,0021200271,,,5:49,2,5,0,0,201585,Kosta Koufos,DEN,Denver,1610612743.0,Nuggets,0,,,,,,0,,,,,,,,Koufos REBOUND (Off:3 Def:1),7:53 PM
162,42,1,179,0021200271,,,5:42,2,5,0,0,1889,Andre Miller,DEN,Denver,1610612743.0,Nuggets,0,,,,,,0,,,,,,40 - 34,-6,Miller 2' Driving Layup (6 PTS),7:53 PM
163,2,9,180,0021200271,PACERS Timeout: Short (Full 2 Short 1),,5:35,2,2,0,0,1610612754,,,,,,0,,,,,,0,,,,,,,,,7:53 PM
164,4,9,182,0021200271,,,5:35,2,1,0,0,0,,,,,,0,,,,,,0,,,,,,,,,7:53 PM
165,0,8,184,0021200271,SUB: Hill FOR Augustin,,5:35,2,4,4,0,201571,D.J. Augustin,IND,Indiana,1610612754.0,Pacers,201588,George Hill,IND,Indiana,1610612754.0,Pacers,0,,,,,,,,,7:55 PM
166,0,8,185,0021200271,,,5:35,2,5,5,0,1889,Andre Miller,DEN,Denver,1610612743.0,Nuggets,201147,Corey Brewer,DEN,Denver,1610612743.0,Nuggets,0,,,,,,,,SUB: Brewer FOR Miller,7:55 PM
167,3,2,186,0021200271,MISS Hibbert 10' Hook Shot,,5:19,2,4,0,0,201579,Roy Hibbert,IND,Indiana,1610612754.0,Pacers,0,,,,,,0,,,,,,,,,7:56 PM
168,0,4,187,0021200271,Hibbert REBOUND (Off:3 Def:4),,5:18,2,4,0,0,201579,Roy Hibbert,IND,Indiana,1610612754.0,Pacers,0,,,,,,0,,,,,,,,,7:56 PM
169,2,6,188,0021200271,,,5:17,2,5,4,1,201585,Kosta Koufos,DEN,Denver,1610612743.0,Nuggets,201579,Roy Hibbert,IND,Indiana,1610612754.0,Pacers,0,,,,,,,,Koufos S.FOUL (P2.T3),7:56 PM
170,11,3,189,0021200271,Hibbert Free Throw 1 of 2 (5 PTS),,5:17,2,4,0,0,201579,Roy Hibbert,IND,Indiana,1610612754.0,Pacers,0,,,,,,0,,,,,,40 - 35,-5,,7:56 PM
171,12,3,191,0021200271,Hibbert Free Throw 2 of 2 (6 PTS),,5:17,2,4,0,0,201579,Roy Hibbert,IND,Indiana,1610612754.0,Pacers,0,,,,,,0,,,,,,40 - 36,-4,,7:56 PM
172,1,6,193,0021200271,George P.FOUL (P1.PN),,4:58,2,4,5,1,202331,Paul George,IND,Indiana,1610612754.0,Pacers,2738,Andre Iguodala,DEN,Denver,1610612743.0,Nuggets,0,,,,,,,,,7:57 PM
173,11,3,194,0021200271,,,4:58,2,5,0,0,2738,Andre Iguodala,DEN,Denver,1610612743.0,Nuggets,0,,,,,,0,,,,,,41 - 36,-5,Iguodala Free Throw 1 of 2 (3 PTS),7:57 PM
174,12,3,196,0021200271,,,4:58,2,5,0,0,2738,Andre Iguodala,DEN,Denver,1610612743.0,Nuggets,0,,,,,,0,,,,,,42 - 36,-6,Iguodala Free Throw 2 of 2 (4 PTS),7:57 PM
175,1,1,198,0021200271,Stephenson  3PT Jump Shot (5 PTS) (George 4 AST),,4:36,2,4,4,0,202362,Lance Stephenson,IND,Indiana,1610612754.0,Pacers,202331,Paul George,IND,Indiana,1610612754.0,Pacers,0,,,,,,42 - 39,-3,,7:58 PM
176,2,6,199,0021200271,West S.FOUL (P1.PN),,4:27,2,4,5,1,2561,David West,IND,Indiana,1610612754.0,Pacers,201585,Kosta Koufos,DEN,Denver,1610612743.0,Nuggets,0,,,,,,,,,7:58 PM
177,11,3,200,0021200271,,,4:27,2,5,0,0,201585,Kosta Koufos,DEN,Denver,1610612743.0,Nuggets,0,,,,,,0,,,,,,43 - 39,-4,Koufos Free Throw 1 of 2 (9 PTS),7:59 PM
178,0,8,202,0021200271,,,4:27,2,5,5,0,201580,JaVale McGee,DEN,Denver,1610612743.0,Nuggets,202702,Kenneth Faried,DEN,Denver,1610612743.0,Nuggets,0,,,,,,,,SUB: Faried FOR McGee,7:59 PM
179,12,3,203,0021200271,,,4:27,2,5,0,0,201585,Kosta Koufos,DEN,Denver,1610612743.0,Nuggets,0,,,,,,0,,,,,,44 - 39,-5,Koufos Free Throw 2 of 2 (10 PTS),7:59 PM
180,44,1,205,0021200271,Stephenson 1' Reverse Layup (7 PTS) (Hill 4 AST),,4:19,2,4,4,0,202362,Lance Stephenson,IND,Indiana,1610612754.0,Pacers,201588,George Hill,IND,Indiana,1610612754.0,Pacers,0,,,,,,44 - 41,-3,,7:59 PM
181,1,2,206,0021200271,,,4:08,2,5,0,0,2738,Andre Iguodala,DEN,Denver,1610612743.0,Nuggets,0,,,,,,0,,,,,,,,MISS Iguodala 24' 3PT Jump Shot,8:00 PM
182,0,4,207,0021200271,Hibbert REBOUND (Off:3 Def:5),,4:07,2,4,0,0,201579,Roy Hibbert,IND,Indiana,1610612754.0,Pacers,0,,,,,,0,,,,,,,,,8:00 PM
183,1,1,208,0021200271,West 14' Jump Shot (10 PTS) (Hibbert 2 AST),,3:49,2,4,4,0,2561,David West,IND,Indiana,1610612754.0,Pacers,201579,Roy Hibbert,IND,Indiana,1610612754.0,Pacers,0,,,,,,44 - 43,-1,,8:00 PM
184,1,2,209,0021200271,,,3:24,2,5,0,0,201951,Ty Lawson,DEN,Denver,1610612743.0,Nuggets,0,,,,,,0,,,,,,,,MISS Lawson 20' Jump Shot,8:00 PM
185,0,4,210,0021200271,George REBOUND (Off:0 Def:2),,3:23,2,4,0,0,202331,Paul George,IND,Indiana,1610612754.0,Pacers,0,,,,,,0,,,,,,,,,8:00 PM
186,79,2,211,0021200271,MISS George 17' Pullup Jump Shot,,3:15,2,4,0,0,202331,Paul George,IND,Indiana,1610612754.0,Pacers,0,,,,,,0,,,,,,,,,8:00 PM
187,0,4,212,0021200271,,,3:14,2,5,0,0,201951,Ty Lawson,DEN,Denver,1610612743.0,Nuggets,0,,,,,,0,,,,,,,,Lawson REBOUND (Off:0 Def:1),8:00 PM
188,5,1,213,0021200271,,,3:08,2,5,5,0,201147,Corey Brewer,DEN,Denver,1610612743.0,Nuggets,2738,Andre Iguodala,DEN,Denver,1610612743.0,Nuggets,0,,,,,,46 - 43,-3,Brewer 1' Layup (9 PTS) (Iguodala 2 AST),8:01 PM
189,5,2,214,0021200271,MISS George 1' Layup,,2:47,2,4,0,0,202331,Paul George,IND,Indiana,1610612754.0,Pacers,0,,,,,,0,,,,,,,,,8:01 PM
190,0,4,215,0021200271,,,2:46,2,5,0,0,202702,Kenneth Faried,DEN,Denver,1610612743.0,Nuggets,0,,,,,,0,,,,,,,,Faried REBOUND (Off:0 Def:3),8:01 PM
191,1,2,216,0021200271,,,2:38,2,5,0,0,201147,Corey Brewer,DEN,Denver,1610612743.0,Nuggets,0,,,,,,0,,,,,,,,MISS Brewer 26' 3PT Jump Shot,8:01 PM
192,0,4,217,0021200271,George REBOUND (Off:0 Def:3),,2:35,2,4,0,0,202331,Paul George,IND,Indiana,1610612754.0,Pacers,0,,,,,,0,,,,,,,,,8:01 PM
193,63,1,218,0021200271,West 11' Fadeaway Jumper (12 PTS) (Hill 5 AST),,2:24,2,4,4,0,2561,David West,IND,Indiana,1610612754.0,Pacers,201588,George Hill,IND,Indiana,1610612754.0,Pacers,0,,,,,,46 - 45,-1,,8:01 PM
194,1,1,219,0021200271,,,2:09,2,5,5,0,201147,Corey Brewer,DEN,Denver,1610612743.0,Nuggets,201951,Ty Lawson,DEN,Denver,1610612743.0,Nuggets,0,,,,,,49 - 45,-4,Brewer 24' 3PT Jump Shot (12 PTS) (Lawson 2 AST),8:01 PM
195,2,6,220,0021200271,,,2:03,2,5,4,1,201951,Ty Lawson,DEN,Denver,1610612743.0,Nuggets,201588,George Hill,IND,Indiana,1610612754.0,Pacers,0,,,,,,,,Lawson S.FOUL (P1.T4),8:02 PM
196,1,9,221,0021200271,,,2:03,2,3,0,0,1610612743,,,,,,0,,,,,,0,,,,,,,,Nuggets Timeout: Regular (Reg.2 Short 0),8:02 PM
197,0,8,223,0021200271,,,2:03,2,5,5,0,201585,Kosta Koufos,DEN,Denver,1610612743.0,Nuggets,201580,JaVale McGee,DEN,Denver,1610612743.0,Nuggets,0,,,,,,,,SUB: McGee FOR Koufos,8:04 PM
198,11,3,224,0021200271,MISS Hill Free Throw 1 of 2,,2:03,2,4,0,0,201588,George Hill,IND,Indiana,1610612754.0,Pacers,0,,,,,,0,,,,,,,,,8:04 PM
199,1,4,225,0021200271,PACERS Rebound,,2:03,2,2,0,0,1610612754,,,,,,0,,,,,,0,,,,,,,,,8:04 PM
200,12,3,226,0021200271,Hill Free Throw 2 of 2 (9 PTS),,2:03,2,4,0,0,201588,George Hill,IND,Indiana,1610612754.0,Pacers,0,,,,,,0,,,,,,49 - 46,-3,,8:05 PM
201,1,2,228,0021200271,,,1:50,2,5,0,0,2738,Andre Iguodala,DEN,Denver,1610612743.0,Nuggets,0,,,,,,0,,,,,,,,MISS Iguodala 25' 3PT Jump Shot,8:05 PM
202,0,4,229,0021200271,,,1:48,2,5,0,0,201147,Corey Brewer,DEN,Denver,1610612743.0,Nuggets,0,,,,,,0,,,,,,,,Brewer REBOUND (Off:1 Def:3),8:05 PM
203,5,2,230,0021200271,Hibbert BLOCK (2 BLK),,1:39,2,5,0,4,201147,Corey Brewer,DEN,Denver,1610612743.0,Nuggets,0,,,,,,201579,Roy Hibbert,IND,Indiana,1610612754.0,Pacers,,,MISS Brewer 1' Layup,8:05 PM
204,0,4,231,0021200271,West REBOUND (Off:0 Def:3),,1:38,2,4,0,0,2561,David West,IND,Indiana,1610612754.0,Pacers,0,,,,,,0,,,,,,,,,8:05 PM
205,65,1,232,0021200271,West 5' Jump Hook Shot (14 PTS) (Hill 6 AST),,1:17,2,4,4,0,2561,David West,IND,Indiana,1610612754.0,Pacers,201588,George Hill,IND,Indiana,1610612754.0,Pacers,0,,,,,,49 - 48,-1,,8:06 PM
206,0,8,234,0021200271,,,0:52,2,5,5,0,202702,Kenneth Faried,DEN,Denver,1610612743.0,Nuggets,201568,Danilo Gallinari,DEN,Denver,1610612743.0,Nuggets,0,,,,,,,,SUB: Gallinari FOR Faried,8:06 PM
207,0,8,235,0021200271,,,0:52,2,5,5,0,201147,Corey Brewer,DEN,Denver,1610612743.0,Nuggets,1889,Andre Miller,DEN,Denver,1610612743.0,Nuggets,0,,,,,,,,SUB: Miller FOR Brewer,8:06 PM
208,1,1,236,0021200271,,,0:50,2,5,5,0,201580,JaVale McGee,DEN,Denver,1610612743.0,Nuggets,1889,Andre Miller,DEN,Denver,1610612743.0,Nuggets,0,,,,,,51 - 48,-3,McGee 16' Jump Shot (16 PTS) (Miller 6 AST),8:07 PM
209,80,1,237,0021200271,West 13' Step Back Jump Shot (16 PTS) (Hibbert 3 AST),,0:30,2,4,4,0,2561,David West,IND,Indiana,1610612754.0,Pacers,201579,Roy Hibbert,IND,Indiana,1610612754.0,Pacers,0,,,,,,51 - 50,-1,,8:07 PM
210,1,2,238,0021200271,,,0:05,2,5,0,0,2738,Andre Iguodala,DEN,Denver,1610612743.0,Nuggets,0,,,,,,0,,,,,,,,MISS Iguodala 10' Jump Shot,8:07 PM
211,0,4,239,0021200271,West REBOUND (Off:0 Def:4),,0:04,2,4,0,0,2561,David West,IND,Indiana,1610612754.0,Pacers,0,,,,,,0,,,,,,,,,8:07 PM
212,5,2,240,0021200271,MISS George 2' Layup,,0:01,2,4,0,0,202331,Paul George,IND,Indiana,1610612754.0,Pacers,0,,,,,,0,,,,,,,,,8:08 PM
213,0,4,242,0021200271,Hibbert REBOUND (Off:4 Def:5),,0:01,2,4,0,0,201579,Roy Hibbert,IND,Indiana,1610612754.0,Pacers,0,,,,,,0,,,,,,,,,8:08 PM
214,4,2,241,0021200271,MISS Hibbert 3' Tip Shot,,0:01,2,4,0,0,201579,Roy Hibbert,IND,Indiana,1610612754.0,Pacers,0,,,,,,0,,,,,,,,,8:08 PM
215,0,4,243,0021200271,,,0:00,2,5,0,0,201568,Danilo Gallinari,DEN,Denver,1610612743.0,Nuggets,0,,,,,,0,,,,,,,,Gallinari REBOUND (Off:1 Def:2),8:08 PM
216,0,13,244,0021200271,,,0:00,2,0,0,0,0,,,,,,0,,,,,,0,,,,,,51 - 50,-1,,8:08 PM
217,0,12,246,0021200271,,,12:00,3,0,0,0,0,,,,,,0,,,,,,0,,,,,,51 - 50,-1,,8:24 PM
218,1,2,247,0021200271,MISS Hibbert 8' Jump Shot,,11:44,3,4,0,0,201579,Roy Hibbert,IND,Indiana,1610612754.0,Pacers,0,,,,,,0,,,,,,,,,8:25 PM
219,0,4,248,0021200271,,,11:40,3,5,0,0,202702,Kenneth Faried,DEN,Denver,1610612743.0,Nuggets,0,,,,,,0,,,,,,,,Faried REBOUND (Off:0 Def:4),8:25 PM
220,1,6,249,0021200271,George P.FOUL (P2.T1),,11:38,3,4,5,1,202331,Paul George,IND,Indiana,1610612754.0,Pacers,202702,Kenneth Faried,DEN,Denver,1610612743.0,Nuggets,0,,,,,,,,,8:25 PM
221,1,6,250,0021200271,Stephenson P.FOUL (P2.T2),,11:35,3,4,5,1,202362,Lance Stephenson,IND,Indiana,1610612754.0,Pacers,201568,Danilo Gallinari,DEN,Denver,1610612743.0,Nuggets,0,,,,,,,,,8:25 PM
222,1,2,251,0021200271,,,11:30,3,5,0,0,201568,Danilo Gallinari,DEN,Denver,1610612743.0,Nuggets,0,,,,,,0,,,,,,,,MISS Gallinari 16' Jump Shot,8:26 PM
223,0,4,252,0021200271,West REBOUND (Off:0 Def:5),,11:29,3,4,0,0,2561,David West,IND,Indiana,1610612754.0,Pacers,0,,,,,,0,,,,,,,,,8:26 PM
224,1,2,253,0021200271,MISS Stephenson 19' Jump Shot,,11:05,3,4,0,0,202362,Lance Stephenson,IND,Indiana,1610612754.0,Pacers,0,,,,,,0,,,,,,,,,8:26 PM
225,0,4,254,0021200271,,,11:03,3,5,0,0,202702,Kenneth Faried,DEN,Denver,1610612743.0,Nuggets,0,,,,,,0,,,,,,,,Faried REBOUND (Off:0 Def:5),8:26 PM
226,1,2,255,0021200271,,,10:44,3,5,0,0,201568,Danilo Gallinari,DEN,Denver,1610612743.0,Nuggets,0,,,,,,0,,,,,,,,MISS Gallinari 18' Jump Shot,8:26 PM
227,0,4,256,0021200271,West REBOUND (Off:0 Def:6),,10:42,3,4,0,0,2561,David West,IND,Indiana,1610612754.0,Pacers,0,,,,,,0,,,,,,,,,8:26 PM
228,2,6,257,0021200271,,,10:30,3,5,4,1,201585,Kosta Koufos,DEN,Denver,1610612743.0,Nuggets,201579,Roy Hibbert,IND,Indiana,1610612754.0,Pacers,0,,,,,,,,Koufos S.FOUL (P3.T1),8:27 PM
229,11,3,258,0021200271,MISS Hibbert Free Throw 1 of 2,,10:30,3,4,0,0,201579,Roy Hibbert,IND,Indiana,1610612754.0,Pacers,0,,,,,,0,,,,,,,,,8:27 PM
230,1,4,259,0021200271,PACERS Rebound,,10:30,3,2,0,0,1610612754,,,,,,0,,,,,,0,,,,,,,,,8:27 PM
231,12,3,260,0021200271,Hibbert Free Throw 2 of 2 (7 PTS),,10:30,3,4,0,0,201579,Roy Hibbert,IND,Indiana,1610612754.0,Pacers,0,,,,,,0,,,,,,51 - 51,TIE,,8:27 PM
232,1,2,262,0021200271,,,10:06,3,5,0,0,201568,Danilo Gallinari,DEN,Denver,1610612743.0,Nuggets,0,,,,,,0,,,,,,,,MISS Gallinari 15' Jump Shot,8:28 PM
233,0,4,263,0021200271,,,10:05,3,5,0,0,201585,Kosta Koufos,DEN,Denver,1610612743.0,Nuggets,0,,,,,,0,,,,,,,,Koufos REBOUND (Off:4 Def:1),8:28 PM
234,5,1,264,0021200271,,,9:54,3,5,5,0,202702,Kenneth Faried,DEN,Denver,1610612743.0,Nuggets,201951,Ty Lawson,DEN,Denver,1610612743.0,Nuggets,0,,,,,,53 - 51,-2,Faried 1' Layup (4 PTS) (Lawson 3 AST),8:28 PM
235,1,2,265,0021200271,MISS Hill 8' Jump Shot,,9:41,3,4,0,5,201588,George Hill,IND,Indiana,1610612754.0,Pacers,0,,,,,,201951,Ty Lawson,DEN,Denver,1610612743.0,Nuggets,,,Lawson BLOCK (1 BLK),8:28 PM
236,0,4,266,0021200271,PACERS Rebound,,9:41,3,2,0,0,1610612754,,,,,,0,,,,,,0,,,,,,,,,8:28 PM
237,1,1,267,0021200271,George 18' Jump Shot (6 PTS) (Hill 7 AST),,9:34,3,4,4,0,202331,Paul George,IND,Indiana,1610612754.0,Pacers,201588,George Hill,IND,Indiana,1610612754.0,Pacers,0,,,,,,53 - 53,TIE,,8:29 PM
238,1,1,268,0021200271,,,9:12,3,5,5,0,2738,Andre Iguodala,DEN,Denver,1610612743.0,Nuggets,201568,Danilo Gallinari,DEN,Denver,1610612743.0,Nuggets,0,,,,,,55 - 53,-2,Iguodala 18' Jump Shot (6 PTS) (Gallinari 4 AST),8:29 PM
239,1,2,269,0021200271,MISS Stephenson 25' 3PT Jump Shot,,8:52,3,4,0,0,202362,Lance Stephenson,IND,Indiana,1610612754.0,Pacers,0,,,,,,0,,,,,,,,,8:29 PM
240,0,4,270,0021200271,,,8:51,3,5,0,0,201568,Danilo Gallinari,DEN,Denver,1610612743.0,Nuggets,0,,,,,,0,,,,,,,,Gallinari REBOUND (Off:1 Def:3),8:29 PM
241,1,1,271,0021200271,,,8:42,3,5,0,0,201568,Danilo Gallinari,DEN,Denver,1610612743.0,Nuggets,0,,,,,,0,,,,,,57 - 53,-4,Gallinari 15' Jump Shot (3 PTS),8:30 PM
242,2,6,272,0021200271,Hibbert S.FOUL (P2.T3),,8:42,3,4,5,1,201579,Roy Hibbert,IND,Indiana,1610612754.0,Pacers,201568,Danilo Gallinari,DEN,Denver,1610612743.0,Nuggets,0,,,,,,,,,8:30 PM
243,10,3,273,0021200271,,,8:42,3,5,0,0,201568,Danilo Gallinari,DEN,Denver,1610612743.0,Nuggets,0,,,,,,0,,,,,,58 - 53,-5,Gallinari Free Throw 1 of 1 (4 PTS),8:30 PM
244,1,1,275,0021200271,West 9' Jump Shot (18 PTS),,8:24,3,4,0,0,2561,David West,IND,Indiana,1610612754.0,Pacers,0,,,,,,0,,,,,,58 - 55,-3,,8:30 PM
245,1,2,276,0021200271,,,8:08,3,5,0,0,201568,Danilo Gallinari,DEN,Denver,1610612743.0,Nuggets,0,,,,,,0,,,,,,,,MISS Gallinari 24' 3PT Jump Shot,8:31 PM
246,0,4,277,0021200271,PACERS Rebound,,8:07,3,2,0,0,1610612754,,,,,,0,,,,,,0,,,,,,,,,8:31 PM
247,1,1,279,0021200271,George 25' 3PT Jump Shot (9 PTS) (Hill 8 AST),,7:51,3,4,4,0,202331,Paul George,IND,Indiana,1610612754.0,Pacers,201588,George Hill,IND,Indiana,1610612754.0,Pacers,0,,,,,,58 - 58,TIE,,8:31 PM
248,1,2,280,0021200271,West BLOCK (1 BLK),,7:37,3,5,0,4,202702,Kenneth Faried,DEN,Denver,1610612743.0,Nuggets,0,,,,,,2561,David West,IND,Indiana,1610612754.0,Pacers,,,MISS Faried 5' Jump Shot,8:31 PM
249,0,4,281,0021200271,,,7:37,3,3,0,0,1610612743,,,,,,0,,,,,,0,,,,,,,,Nuggets Rebound,8:31 PM
250,1,1,282,0021200271,,,7:34,3,5,5,0,2738,Andre Iguodala,DEN,Denver,1610612743.0,Nuggets,201568,Danilo Gallinari,DEN,Denver,1610612743.0,Nuggets,0,,,,,,60 - 58,-2,Iguodala 19' Jump Shot (8 PTS) (Gallinari 5 AST),8:32 PM
251,1,1,283,0021200271,Stephenson 21' Jump Shot (9 PTS) (West 1 AST),,7:15,3,4,4,0,202362,Lance Stephenson,IND,Indiana,1610612754.0,Pacers,2561,David West,IND,Indiana,1610612754.0,Pacers,0,,,,,,60 - 60,TIE,,8:32 PM
252,1,2,284,0021200271,,,7:03,3,5,0,0,201951,Ty Lawson,DEN,Denver,1610612743.0,Nuggets,0,,,,,,0,,,,,,,,MISS Lawson 19' Jump Shot,8:32 PM
253,0,4,285,0021200271,Hill REBOUND (Off:0 Def:3),,7:02,3,4,0,0,201588,George Hill,IND,Indiana,1610612754.0,Pacers,0,,,,,,0,,,,,,,,,8:32 PM
254,2,7,287,0021200271,,,6:45,3,5,0,1,2738,Andre Iguodala,DEN,Denver,1610612743.0,Nuggets,0,,,,,,0,,,,,,,,Iguodala Violation:Defensive Goaltending,8:33 PM
255,5,1,286,0021200271,George 2' Layup (11 PTS) (West 2 AST),,6:45,3,4,4,0,202331,Paul George,IND,Indiana,1610612754.0,Pacers,2561,David West,IND,Indiana,1610612754.0,Pacers,0,,,,,,60 - 62,2,,8:33 PM
256,1,2,288,0021200271,,,6:20,3,5,0,0,201568,Danilo Gallinari,DEN,Denver,1610612743.0,Nuggets,0,,,,,,0,,,,,,,,MISS Gallinari 26' 3PT Jump Shot,8:33 PM
257,0,4,289,0021200271,George REBOUND (Off:0 Def:4),,6:19,3,4,0,0,202331,Paul George,IND,Indiana,1610612754.0,Pacers,0,,,,,,0,,,,,,,,,8:33 PM
258,1,2,290,0021200271,MISS West 5' Jump Shot,,6:06,3,4,0,0,2561,David West,IND,Indiana,1610612754.0,Pacers,0,,,,,,0,,,,,,,,,8:33 PM
259,0,4,291,0021200271,,,6:05,3,5,0,0,202702,Kenneth Faried,DEN,Denver,1610612743.0,Nuggets,0,,,,,,0,,,,,,,,Faried REBOUND (Off:0 Def:6),8:33 PM
260,44,1,292,0021200271,,,5:51,3,5,5,0,201585,Kosta Koufos,DEN,Denver,1610612743.0,Nuggets,201568,Danilo Gallinari,DEN,Denver,1610612743.0,Nuggets,0,,,,,,62 - 62,TIE,Koufos 2' Reverse Layup (12 PTS) (Gallinari 6 AST),8:34 PM
261,1,9,293,0021200271,PACERS Timeout: Regular (Full 3 Short 1),,5:45,3,2,0,0,1610612754,,,,,,0,,,,,,0,,,,,,,,,8:34 PM
262,0,8,295,0021200271,,,5:45,3,5,5,0,201568,Danilo Gallinari,DEN,Denver,1610612743.0,Nuggets,201580,JaVale McGee,DEN,Denver,1610612743.0,Nuggets,0,,,,,,,,SUB: McGee FOR Gallinari,8:36 PM
263,0,8,296,0021200271,,,5:45,3,5,5,0,201585,Kosta Koufos,DEN,Denver,1610612743.0,Nuggets,1889,Andre Miller,DEN,Denver,1610612743.0,Nuggets,0,,,,,,,,SUB: Miller FOR Koufos,8:36 PM
264,0,8,297,0021200271,,,5:45,3,5,5,0,2738,Andre Iguodala,DEN,Denver,1610612743.0,Nuggets,201147,Corey Brewer,DEN,Denver,1610612743.0,Nuggets,0,,,,,,,,SUB: Brewer FOR Iguodala,8:36 PM
265,0,8,298,0021200271,SUB: Young FOR Stephenson,,5:45,3,4,4,0,202362,Lance Stephenson,IND,Indiana,1610612754.0,Pacers,201970,Sam Young,IND,Indiana,1610612754.0,Pacers,0,,,,,,,,,8:36 PM
266,1,2,299,0021200271,MISS Hill 24' 3PT Jump Shot,,5:30,3,4,0,0,201588,George Hill,IND,Indiana,1610612754.0,Pacers,0,,,,,,0,,,,,,,,,8:37 PM
267,0,4,300,0021200271,PACERS Rebound,,5:24,3,2,0,0,1610612754,,,,,,0,,,,,,0,,,,,,,,,8:37 PM
268,0,8,301,0021200271,SUB: Mahinmi FOR Hibbert,,5:24,3,4,4,0,201579,Roy Hibbert,IND,Indiana,1610612754.0,Pacers,101133,Ian Mahinmi,IND,Indiana,1610612754.0,Pacers,0,,,,,,,,,8:37 PM
269,1,5,302,0021200271,Young Bad Pass Turnover (P1.T10),,5:17,3,4,5,0,201970,Sam Young,IND,Indiana,1610612754.0,Pacers,1889,Andre Miller,DEN,Denver,1610612743.0,Nuggets,0,,,,,,,,Miller STEAL (1 STL),8:38 PM
270,1,6,303,0021200271,Hill P.FOUL (P2.T4),,5:09,3,4,5,1,201588,George Hill,IND,Indiana,1610612754.0,Pacers,201951,Ty Lawson,DEN,Denver,1610612743.0,Nuggets,0,,,,,,,,,8:38 PM
271,5,1,304,0021200271,,,5:00,3,5,0,0,201147,Corey Brewer,DEN,Denver,1610612743.0,Nuggets,0,,,,,,0,,,,,,64 - 62,-2,Brewer 2' Layup (14 PTS),8:38 PM
272,5,2,305,0021200271,MISS Young 2' Layup,,4:42,3,4,0,5,201970,Sam Young,IND,Indiana,1610612754.0,Pacers,0,,,,,,201147,Corey Brewer,DEN,Denver,1610612743.0,Nuggets,,,Brewer BLOCK (1 BLK),8:38 PM
273,0,4,306,0021200271,,,4:41,3,5,0,0,1889,Andre Miller,DEN,Denver,1610612743.0,Nuggets,0,,,,,,0,,,,,,,,Miller REBOUND (Off:0 Def:1),8:38 PM
274,1,2,307,0021200271,,,4:33,3,5,0,0,201147,Corey Brewer,DEN,Denver,1610612743.0,Nuggets,0,,,,,,0,,,,,,,,MISS Brewer 24' 3PT Jump Shot,8:39 PM
275,0,4,308,0021200271,West REBOUND (Off:0 Def:7),,4:32,3,4,0,0,2561,David West,IND,Indiana,1610612754.0,Pacers,0,,,,,,0,,,,,,,,,8:39 PM
276,2,5,309,0021200271,George Lost Ball Turnover (P1.T11),,4:28,3,4,5,0,202331,Paul George,IND,Indiana,1610612754.0,Pacers,1889,Andre Miller,DEN,Denver,1610612743.0,Nuggets,0,,,,,,,,Miller STEAL (2 STL),8:39 PM
277,2,6,310,0021200271,Young S.FOUL (P1.PN),,4:18,3,4,5,1,201970,Sam Young,IND,Indiana,1610612754.0,Pacers,1889,Andre Miller,DEN,Denver,1610612743.0,Nuggets,0,,,,,,,,,8:39 PM
278,11,3,311,0021200271,,,4:18,3,5,0,0,1889,Andre Miller,DEN,Denver,1610612743.0,Nuggets,0,,,,,,0,,,,,,,,MISS Miller Free Throw 1 of 2,8:39 PM
279,1,4,312,0021200271,,,4:18,3,3,0,0,1610612743,,,,,,0,,,,,,0,,,,,,,,Nuggets Rebound,8:39 PM
280,12,3,313,0021200271,,,4:18,3,5,0,0,1889,Andre Miller,DEN,Denver,1610612743.0,Nuggets,0,,,,,,0,,,,,,65 - 62,-3,Miller Free Throw 2 of 2 (7 PTS),8:39 PM
281,1,5,315,0021200271,West Bad Pass Turnover (P1.T12),,4:02,3,4,5,0,2561,David West,IND,Indiana,1610612754.0,Pacers,201951,Ty Lawson,DEN,Denver,1610612743.0,Nuggets,0,,,,,,,,Lawson STEAL (2 STL),8:40 PM
282,9,6,316,0021200271,Young C.P.FOUL (P2.PN),,4:00,3,4,5,1,201970,Sam Young,IND,Indiana,1610612754.0,Pacers,201147,Corey Brewer,DEN,Denver,1610612743.0,Nuggets,0,,,,,,,,,8:40 PM
283,25,3,317,0021200271,,,4:00,3,5,0,0,201147,Corey Brewer,DEN,Denver,1610612743.0,Nuggets,0,,,,,,0,,,,,,,,MISS Brewer Free Throw Clear Path 1 of 2,8:41 PM
284,1,4,318,0021200271,,,4:00,3,3,0,0,1610612743,,,,,,0,,,,,,0,,,,,,,,Nuggets Rebound,8:41 PM
285,26,3,319,0021200271,,,4:00,3,5,0,0,201147,Corey Brewer,DEN,Denver,1610612743.0,Nuggets,0,,,,,,0,,,,,,,,MISS Brewer Free Throw Clear Path 2 of 2,8:41 PM
286,1,4,320,0021200271,,,4:00,3,3,0,0,1610612743,,,,,,0,,,,,,0,,,,,,,,Nuggets Rebound,8:41 PM
287,1,5,322,0021200271,West STEAL (1 STL),,3:49,3,5,4,0,1889,Andre Miller,DEN,Denver,1610612743.0,Nuggets,2561,David West,IND,Indiana,1610612754.0,Pacers,0,,,,,,,,Miller Bad Pass Turnover (P1.T4),8:41 PM
288,5,1,323,0021200271,George 2' Layup (13 PTS) (West 3 AST),,3:46,3,4,4,0,202331,Paul George,IND,Indiana,1610612754.0,Pacers,2561,David West,IND,Indiana,1610612754.0,Pacers,0,,,,,,65 - 64,-1,,8:41 PM
289,2,6,324,0021200271,,,3:46,3,5,4,1,201951,Ty Lawson,DEN,Denver,1610612743.0,Nuggets,202331,Paul George,IND,Indiana,1610612754.0,Pacers,0,,,,,,,,Lawson S.FOUL (P2.T2),8:41 PM
290,0,8,325,0021200271,SUB: Augustin FOR Hill,,3:46,3,4,4,0,201588,George Hill,IND,Indiana,1610612754.0,Pacers,201571,D.J. Augustin,IND,Indiana,1610612754.0,Pacers,0,,,,,,,,,8:42 PM
291,10,3,326,0021200271,MISS George Free Throw 1 of 1,,3:46,3,4,0,0,202331,Paul George,IND,Indiana,1610612754.0,Pacers,0,,,,,,0,,,,,,,,,8:42 PM
292,0,4,328,0021200271,,,3:46,3,5,0,0,202702,Kenneth Faried,DEN,Denver,1610612743.0,Nuggets,0,,,,,,0,,,,,,,,Faried REBOUND (Off:0 Def:7),8:42 PM
293,88,1,329,0021200271,,,3:40,3,5,0,0,201147,Corey Brewer,DEN,Denver,1610612743.0,Nuggets,0,,,,,,0,,,,,,67 - 64,-3,Brewer 2' Driving Slam Dunk (16 PTS),8:42 PM
294,1,2,330,0021200271,MISS Young  3PT Jump Shot,,3:32,3,4,0,0,201970,Sam Young,IND,Indiana,1610612754.0,Pacers,0,,,,,,0,,,,,,,,,8:42 PM
295,0,4,331,0021200271,,,3:29,3,5,0,0,201580,JaVale McGee,DEN,Denver,1610612743.0,Nuggets,0,,,,,,0,,,,,,,,McGee REBOUND (Off:2 Def:2),8:42 PM
296,1,5,332,0021200271,,,3:26,3,5,0,0,201580,JaVale McGee,DEN,Denver,1610612743.0,Nuggets,0,,,,,,0,,,,,,,,McGee Bad Pass Turnover (P1.T5),8:42 PM
297,1,1,333,0021200271,Young 26' 3PT Jump Shot (8 PTS) (Augustin 2 AST),,3:20,3,4,4,0,201970,Sam Young,IND,Indiana,1610612754.0,Pacers,201571,D.J. Augustin,IND,Indiana,1610612754.0,Pacers,0,,,,,,67 - 67,TIE,,8:42 PM
298,1,2,334,0021200271,,,2:59,3,5,0,0,1889,Andre Miller,DEN,Denver,1610612743.0,Nuggets,0,,,,,,0,,,,,,,,MISS Miller 15' Jump Shot,8:43 PM
299,0,4,335,0021200271,Mahinmi REBOUND (Off:1 Def:1),,2:58,3,4,0,0,101133,Ian Mahinmi,IND,Indiana,1610612754.0,Pacers,0,,,,,,0,,,,,,,,,8:43 PM
300,4,6,336,0021200271,George OFF.Foul (P3),,2:42,3,4,5,1,202331,Paul George,IND,Indiana,1610612754.0,Pacers,201951,Ty Lawson,DEN,Denver,1610612743.0,Nuggets,0,,,,,,,,,8:43 PM
301,5,5,337,0021200271,George Foul Turnover (P2.T13),,2:42,3,4,0,1,202331,Paul George,IND,Indiana,1610612754.0,Pacers,0,,,,,,0,,,,,,,,,8:43 PM
302,1,9,338,0021200271,,,2:42,3,3,0,0,1610612743,,,,,,0,,,,,,0,,,,,,,,Nuggets Timeout: Regular (Reg.3 Short 0),8:43 PM
303,0,8,340,0021200271,SUB: Green FOR George,,2:42,3,4,4,0,202331,Paul George,IND,Indiana,1610612754.0,Pacers,101123,Gerald Green,IND,Indiana,1610612754.0,Pacers,0,,,,,,,,,8:45 PM
304,0,8,341,0021200271,,,2:42,3,5,5,0,201951,Ty Lawson,DEN,Denver,1610612743.0,Nuggets,2738,Andre Iguodala,DEN,Denver,1610612743.0,Nuggets,0,,,,,,,,SUB: Iguodala FOR Lawson,8:45 PM
305,1,2,342,0021200271,,,2:27,3,5,0,0,202702,Kenneth Faried,DEN,Denver,1610612743.0,Nuggets,0,,,,,,0,,,,,,,,MISS Faried 3' Jump Shot,8:46 PM
306,0,4,343,0021200271,,,2:25,3,5,0,0,201580,JaVale McGee,DEN,Denver,1610612743.0,Nuggets,0,,,,,,0,,,,,,,,McGee REBOUND (Off:3 Def:2),8:46 PM
307,1,2,344,0021200271,,,2:23,3,5,0,0,202702,Kenneth Faried,DEN,Denver,1610612743.0,Nuggets,0,,,,,,0,,,,,,,,MISS Faried 9' Jump Shot,8:46 PM
308,0,4,345,0021200271,West REBOUND (Off:0 Def:8),,2:21,3,4,0,0,2561,David West,IND,Indiana,1610612754.0,Pacers,0,,,,,,0,,,,,,,,,8:46 PM
309,1,2,346,0021200271,MISS Green 25' 3PT Jump Shot,,2:08,3,4,0,0,101123,Gerald Green,IND,Indiana,1610612754.0,Pacers,0,,,,,,0,,,,,,,,,8:46 PM
310,0,4,347,0021200271,,,2:07,3,5,0,0,201580,JaVale McGee,DEN,Denver,1610612743.0,Nuggets,0,,,,,,0,,,,,,,,McGee REBOUND (Off:3 Def:3),8:46 PM
311,5,2,348,0021200271,,,1:51,3,5,0,0,202702,Kenneth Faried,DEN,Denver,1610612743.0,Nuggets,0,,,,,,0,,,,,,,,MISS Faried 2' Layup,8:46 PM
312,0,4,349,0021200271,Mahinmi REBOUND (Off:1 Def:2),,1:49,3,4,0,0,101133,Ian Mahinmi,IND,Indiana,1610612754.0,Pacers,0,,,,,,0,,,,,,,,,8:46 PM
313,2,6,350,0021200271,,,1:42,3,5,4,1,2738,Andre Iguodala,DEN,Denver,1610612743.0,Nuggets,201970,Sam Young,IND,Indiana,1610612754.0,Pacers,0,,,,,,,,Iguodala S.FOUL (P1.T3),8:47 PM
314,11,3,351,0021200271,Young Free Throw 1 of 2 (9 PTS),,1:42,3,4,0,0,201970,Sam Young,IND,Indiana,1610612754.0,Pacers,0,,,,,,0,,,,,,67 - 68,1,,8:47 PM
315,0,8,353,0021200271,,,1:42,3,5,5,0,202702,Kenneth Faried,DEN,Denver,1610612743.0,Nuggets,201568,Danilo Gallinari,DEN,Denver,1610612743.0,Nuggets,0,,,,,,,,SUB: Gallinari FOR Faried,8:47 PM
316,12,3,354,0021200271,MISS Young Free Throw 2 of 2,,1:42,3,4,0,0,201970,Sam Young,IND,Indiana,1610612754.0,Pacers,0,,,,,,0,,,,,,,,,8:47 PM
317,0,4,356,0021200271,,,1:42,3,5,0,0,201580,JaVale McGee,DEN,Denver,1610612743.0,Nuggets,0,,,,,,0,,,,,,,,McGee REBOUND (Off:3 Def:4),8:47 PM
318,4,6,357,0021200271,,,1:21,3,5,4,1,201580,JaVale McGee,DEN,Denver,1610612743.0,Nuggets,201571,D.J. Augustin,IND,Indiana,1610612754.0,Pacers,0,,,,,,,,McGee OFF.Foul (P2),8:48 PM
319,5,5,358,0021200271,,,1:21,3,5,0,1,201580,JaVale McGee,DEN,Denver,1610612743.0,Nuggets,0,,,,,,0,,,,,,,,McGee Foul Turnover (P2.T6),8:48 PM
320,4,6,359,0021200271,Augustin OFF.Foul (P1),,1:08,3,4,5,1,201571,D.J. Augustin,IND,Indiana,1610612754.0,Pacers,1889,Andre Miller,DEN,Denver,1610612743.0,Nuggets,0,,,,,,,,,8:48 PM
321,5,5,360,0021200271,Augustin Foul Turnover (P3.T14),,1:08,3,4,0,1,201571,D.J. Augustin,IND,Indiana,1610612754.0,Pacers,0,,,,,,0,,,,,,,,,8:48 PM
322,1,2,361,0021200271,,,0:56,3,5,0,0,2738,Andre Iguodala,DEN,Denver,1610612743.0,Nuggets,0,,,,,,0,,,,,,,,MISS Iguodala 19' Jump Shot,8:49 PM
323,0,4,362,0021200271,,,0:55,3,5,0,0,1889,Andre Miller,DEN,Denver,1610612743.0,Nuggets,0,,,,,,0,,,,,,,,Miller REBOUND (Off:1 Def:1),8:49 PM
324,1,5,363,0021200271,Mahinmi STEAL (1 STL),,0:41,3,5,4,0,1889,Andre Miller,DEN,Denver,1610612743.0,Nuggets,101133,Ian Mahinmi,IND,Indiana,1610612754.0,Pacers,0,,,,,,,,Miller Bad Pass Turnover (P2.T7),8:49 PM
325,2,5,364,0021200271,Mahinmi Lost Ball Turnover (P2.T15),,0:38,3,4,5,0,101133,Ian Mahinmi,IND,Indiana,1610612754.0,Pacers,201147,Corey Brewer,DEN,Denver,1610612743.0,Nuggets,0,,,,,,,,Brewer STEAL (1 STL),8:49 PM
326,52,1,365,0021200271,,,0:35,3,5,5,0,201580,JaVale McGee,DEN,Denver,1610612743.0,Nuggets,201568,Danilo Gallinari,DEN,Denver,1610612743.0,Nuggets,0,,,,,,69 - 68,-1,McGee 4' Alley Oop Dunk (18 PTS) (Gallinari 7 AST),8:49 PM
327,3,2,366,0021200271,MISS West 11' Hook Shot,,0:20,3,4,0,0,2561,David West,IND,Indiana,1610612754.0,Pacers,0,,,,,,0,,,,,,,,,8:49 PM
328,0,4,367,0021200271,,,0:19,3,5,0,0,1889,Andre Miller,DEN,Denver,1610612743.0,Nuggets,0,,,,,,0,,,,,,,,Miller REBOUND (Off:1 Def:2),8:49 PM
329,1,2,368,0021200271,,,0:02,3,5,0,0,2738,Andre Iguodala,DEN,Denver,1610612743.0,Nuggets,0,,,,,,0,,,,,,,,MISS Iguodala 8' Jump Shot,8:50 PM
330,0,4,369,0021200271,Mahinmi REBOUND (Off:1 Def:3),,0:01,3,4,0,0,101133,Ian Mahinmi,IND,Indiana,1610612754.0,Pacers,0,,,,,,0,,,,,,,,,8:50 PM
331,0,13,371,0021200271,,,0:00,3,0,0,0,0,,,,,,0,,,,,,0,,,,,,69 - 68,-1,,8:50 PM
332,0,12,373,0021200271,,,12:00,4,0,0,0,0,,,,,,0,,,,,,0,,,,,,69 - 68,-1,,8:52 PM
333,47,2,374,0021200271,,,11:45,4,5,0,0,1889,Andre Miller,DEN,Denver,1610612743.0,Nuggets,0,,,,,,0,,,,,,,,MISS Miller 8' Turnaround Jump Shot,8:53 PM
334,0,4,375,0021200271,Mahinmi REBOUND (Off:1 Def:4),,11:44,4,4,0,0,101133,Ian Mahinmi,IND,Indiana,1610612754.0,Pacers,0,,,,,,0,,,,,,,,,8:53 PM
335,5,2,376,0021200271,MISS Hansbrough 3' Layup,,11:28,4,4,0,5,201946,Tyler Hansbrough,IND,Indiana,1610612754.0,Pacers,0,,,,,,201580,JaVale McGee,DEN,Denver,1610612743.0,Nuggets,,,McGee BLOCK (1 BLK),8:53 PM
336,0,4,377,0021200271,PACERS Rebound,,11:26,4,2,0,0,1610612754,,,,,,0,,,,,,0,,,,,,,,,8:53 PM
337,1,2,378,0021200271,MISS Young 25' 3PT Jump Shot,,11:23,4,4,0,0,201970,Sam Young,IND,Indiana,1610612754.0,Pacers,0,,,,,,0,,,,,,,,,8:53 PM
338,0,4,379,0021200271,,,11:21,4,5,0,0,201580,JaVale McGee,DEN,Denver,1610612743.0,Nuggets,0,,,,,,0,,,,,,,,McGee REBOUND (Off:3 Def:5),8:53 PM
339,2,6,380,0021200271,Hansbrough S.FOUL (P2.T1),,11:12,4,4,5,1,201946,Tyler Hansbrough,IND,Indiana,1610612754.0,Pacers,201568,Danilo Gallinari,DEN,Denver,1610612743.0,Nuggets,0,,,,,,,,,8:54 PM
340,11,3,381,0021200271,,,11:12,4,5,0,0,201568,Danilo Gallinari,DEN,Denver,1610612743.0,Nuggets,0,,,,,,0,,,,,,70 - 68,-2,Gallinari Free Throw 1 of 2 (5 PTS),8:54 PM
341,12,3,383,0021200271,,,11:12,4,5,0,0,201568,Danilo Gallinari,DEN,Denver,1610612743.0,Nuggets,0,,,,,,0,,,,,,71 - 68,-3,Gallinari Free Throw 2 of 2 (6 PTS),8:54 PM
342,1,5,385,0021200271,Young Bad Pass Turnover (P2.T16),,10:53,4,4,5,0,201970,Sam Young,IND,Indiana,1610612754.0,Pacers,2738,Andre Iguodala,DEN,Denver,1610612743.0,Nuggets,0,,,,,,,,Iguodala STEAL (2 STL),8:55 PM
343,47,1,386,0021200271,,,10:43,4,5,5,0,201147,Corey Brewer,DEN,Denver,1610612743.0,Nuggets,1889,Andre Miller,DEN,Denver,1610612743.0,Nuggets,0,,,,,,73 - 68,-5,Brewer 10' Turnaround Jump Shot (18 PTS) (Miller 7 AST),8:55 PM
344,1,2,387,0021200271,MISS Hill 18' Jump Shot,,10:25,4,4,0,0,201588,George Hill,IND,Indiana,1610612754.0,Pacers,0,,,,,,0,,,,,,,,,8:55 PM
345,0,4,388,0021200271,PACERS Rebound,,10:24,4,2,0,0,1610612754,,,,,,0,,,,,,0,,,,,,,,,8:55 PM
346,3,6,389,0021200271,,,10:24,4,5,4,1,1889,Andre Miller,DEN,Denver,1610612743.0,Nuggets,101133,Ian Mahinmi,IND,Indiana,1610612754.0,Pacers,0,,,,,,,,Miller L.B.FOUL (P1.T1),8:55 PM
347,0,8,390,0021200271,SUB: Stephenson FOR Young,,10:24,4,4,4,0,201970,Sam Young,IND,Indiana,1610612754.0,Pacers,202362,Lance Stephenson,IND,Indiana,1610612754.0,Pacers,0,,,,,,,,,8:55 PM
348,0,8,391,0021200271,SUB: George FOR Green,,10:24,4,4,4,0,101123,Gerald Green,IND,Indiana,1610612754.0,Pacers,202331,Paul George,IND,Indiana,1610612754.0,Pacers,0,,,,,,,,,8:55 PM
349,1,2,392,0021200271,MISS Mahinmi 4' Jump Shot,,10:12,4,4,0,0,101133,Ian Mahinmi,IND,Indiana,1610612754.0,Pacers,0,,,,,,0,,,,,,,,,8:56 PM
350,0,4,393,0021200271,George REBOUND (Off:1 Def:4),,10:11,4,4,0,0,202331,Paul George,IND,Indiana,1610612754.0,Pacers,0,,,,,,0,,,,,,,,,8:56 PM
351,1,1,394,0021200271,Hill 25' 3PT Jump Shot (12 PTS) (George 5 AST),,10:07,4,4,4,0,201588,George Hill,IND,Indiana,1610612754.0,Pacers,202331,Paul George,IND,Indiana,1610612754.0,Pacers,0,,,,,,73 - 71,-2,,8:56 PM
352,1,2,395,0021200271,,,9:49,4,5,0,0,1889,Andre Miller,DEN,Denver,1610612743.0,Nuggets,0,,,,,,0,,,,,,,,MISS Miller 16' Jump Shot,8:56 PM
353,0,4,396,0021200271,PACERS Rebound,,9:49,4,2,0,0,1610612754,,,,,,0,,,,,,0,,,,,,,,,8:56 PM
354,3,6,397,0021200271,,,9:49,4,5,4,1,201580,JaVale McGee,DEN,Denver,1610612743.0,Nuggets,101133,Ian Mahinmi,IND,Indiana,1610612754.0,Pacers,0,,,,,,,,McGee L.B.FOUL (P3.T2),8:56 PM
355,1,2,398,0021200271,MISS Hill 26' 3PT Jump Shot,,9:31,4,4,0,0,201588,George Hill,IND,Indiana,1610612754.0,Pacers,0,,,,,,0,,,,,,,,,8:57 PM
356,0,4,399,0021200271,,,9:30,4,3,0,0,1610612743,,,,,,0,,,,,,0,,,,,,,,Nuggets Rebound,8:57 PM
357,1,2,400,0021200271,,,9:15,4,5,0,0,201568,Danilo Gallinari,DEN,Denver,1610612743.0,Nuggets,0,,,,,,0,,,,,,,,MISS Gallinari 13' Jump Shot,8:57 PM
358,0,4,401,0021200271,George REBOUND (Off:1 Def:5),,9:14,4,4,0,0,202331,Paul George,IND,Indiana,1610612754.0,Pacers,0,,,,,,0,,,,,,,,,8:57 PM
359,1,1,402,0021200271,George 25' 3PT Jump Shot (16 PTS) (Hill 9 AST),,8:59,4,4,4,0,202331,Paul George,IND,Indiana,1610612754.0,Pacers,201588,George Hill,IND,Indiana,1610612754.0,Pacers,0,,,,,,73 - 74,1,,8:58 PM
360,46,2,403,0021200271,,,8:27,4,5,0,0,1889,Andre Miller,DEN,Denver,1610612743.0,Nuggets,0,,,,,,0,,,,,,,,MISS Miller 6' Running Jump Shot,8:58 PM
361,0,4,404,0021200271,Mahinmi REBOUND (Off:1 Def:5),,8:26,4,4,0,0,101133,Ian Mahinmi,IND,Indiana,1610612754.0,Pacers,0,,,,,,0,,,,,,,,,8:58 PM
362,5,7,405,0021200271,,,8:23,4,5,0,0,201568,Danilo Gallinari,DEN,Denver,1610612743.0,Nuggets,0,,,,,,0,,,,,,,,Gallinari Violation:Kicked Ball,8:58 PM
363,4,9,406,0021200271,,,8:23,4,1,0,0,0,,,,,,0,,,,,,0,,,,,,,,,8:58 PM
364,0,8,408,0021200271,,,8:23,4,5,5,0,1889,Andre Miller,DEN,Denver,1610612743.0,Nuggets,201951,Ty Lawson,DEN,Denver,1610612743.0,Nuggets,0,,,,,,,,SUB: Lawson FOR Miller,9:00 PM
365,1,2,410,0021200271,MISS Stephenson 26' 3PT Jump Shot,,8:07,4,4,0,0,202362,Lance Stephenson,IND,Indiana,1610612754.0,Pacers,0,,,,,,0,,,,,,,,,9:01 PM
366,0,4,411,0021200271,,,8:06,4,5,0,0,201568,Danilo Gallinari,DEN,Denver,1610612743.0,Nuggets,0,,,,,,0,,,,,,,,Gallinari REBOUND (Off:1 Def:4),9:01 PM
367,3,6,412,0021200271,Hansbrough L.B.FOUL (P3.T2),,8:06,4,4,5,1,201946,Tyler Hansbrough,IND,Indiana,1610612754.0,Pacers,201568,Danilo Gallinari,DEN,Denver,1610612743.0,Nuggets,0,,,,,,,,,9:01 PM
368,1,1,413,0021200271,,,7:42,4,5,5,0,201568,Danilo Gallinari,DEN,Denver,1610612743.0,Nuggets,201951,Ty Lawson,DEN,Denver,1610612743.0,Nuggets,0,,,,,,76 - 74,-2,Gallinari 25' 3PT Jump Shot (9 PTS) (Lawson 4 AST),9:02 PM
369,1,2,414,0021200271,MISS Mahinmi 11' Jump Shot,,7:16,4,4,0,0,101133,Ian Mahinmi,IND,Indiana,1610612754.0,Pacers,0,,,,,,0,,,,,,,,,9:02 PM
370,0,4,415,0021200271,Mahinmi REBOUND (Off:2 Def:5),,7:15,4,4,0,0,101133,Ian Mahinmi,IND,Indiana,1610612754.0,Pacers,0,,,,,,0,,,,,,,,,9:02 PM
371,1,2,416,0021200271,MISS Mahinmi 18' Jump Shot,,6:58,4,4,0,0,101133,Ian Mahinmi,IND,Indiana,1610612754.0,Pacers,0,,,,,,0,,,,,,,,,9:03 PM
372,0,4,417,0021200271,Stephenson REBOUND (Off:1 Def:1),,6:57,4,4,0,0,202362,Lance Stephenson,IND,Indiana,1610612754.0,Pacers,0,,,,,,0,,,,,,,,,9:03 PM
373,1,5,418,0021200271,Stephenson Bad Pass Turnover (P2.T17),,6:54,4,4,5,0,202362,Lance Stephenson,IND,Indiana,1610612754.0,Pacers,201568,Danilo Gallinari,DEN,Denver,1610612743.0,Nuggets,0,,,,,,,,Gallinari STEAL (2 STL),9:03 PM
374,42,1,419,0021200271,,,6:45,4,5,0,0,201951,Ty Lawson,DEN,Denver,1610612743.0,Nuggets,0,,,,,,0,,,,,,78 - 74,-4,Lawson 4' Driving Layup (2 PTS),9:03 PM
375,1,9,420,0021200271,PACERS Timeout: Regular (Full 4 Short 1),,6:36,4,2,0,0,1610612754,,,,,,0,,,,,,0,,,,,,,,,9:03 PM
376,0,8,422,0021200271,,,6:36,4,5,5,0,201580,JaVale McGee,DEN,Denver,1610612743.0,Nuggets,201585,Kosta Koufos,DEN,Denver,1610612743.0,Nuggets,0,,,,,,,,SUB: Koufos FOR McGee,9:05 PM
377,0,8,423,0021200271,SUB: West FOR Hansbrough,,6:36,4,4,4,0,201946,Tyler Hansbrough,IND,Indiana,1610612754.0,Pacers,2561,David West,IND,Indiana,1610612754.0,Pacers,0,,,,,,,,,9:05 PM
378,0,8,424,0021200271,SUB: Hibbert FOR Mahinmi,,6:36,4,4,4,0,101133,Ian Mahinmi,IND,Indiana,1610612754.0,Pacers,201579,Roy Hibbert,IND,Indiana,1610612754.0,Pacers,0,,,,,,,,,9:05 PM
379,1,5,425,0021200271,Hibbert Bad Pass Turnover (P3.T18),,6:20,4,4,0,0,201579,Roy Hibbert,IND,Indiana,1610612754.0,Pacers,0,,,,,,0,,,,,,,,,9:06 PM
380,42,1,426,0021200271,,,6:03,4,5,5,0,201147,Corey Brewer,DEN,Denver,1610612743.0,Nuggets,201568,Danilo Gallinari,DEN,Denver,1610612743.0,Nuggets,0,,,,,,80 - 74,-6,Brewer 4' Driving Layup (20 PTS) (Gallinari 8 AST),9:06 PM
381,42,1,427,0021200271,Stephenson 4' Driving Layup (11 PTS) (Hill 10 AST),,5:44,4,4,4,0,202362,Lance Stephenson,IND,Indiana,1610612754.0,Pacers,201588,George Hill,IND,Indiana,1610612754.0,Pacers,0,,,,,,80 - 76,-4,,9:07 PM
382,5,2,428,0021200271,Hibbert BLOCK (3 BLK),,5:25,4,5,0,4,201147,Corey Brewer,DEN,Denver,1610612743.0,Nuggets,0,,,,,,201579,Roy Hibbert,IND,Indiana,1610612754.0,Pacers,,,MISS Brewer 2' Layup,9:07 PM
383,0,4,429,0021200271,Stephenson REBOUND (Off:1 Def:2),,5:24,4,4,0,0,202362,Lance Stephenson,IND,Indiana,1610612754.0,Pacers,0,,,,,,0,,,,,,,,,9:07 PM
384,7,1,431,0021200271,Hibbert 3' Dunk (9 PTS) (George 6 AST),,5:15,4,4,4,0,201579,Roy Hibbert,IND,Indiana,1610612754.0,Pacers,202331,Paul George,IND,Indiana,1610612754.0,Pacers,0,,,,,,80 - 78,-2,,9:07 PM
385,1,1,432,0021200271,,,4:57,4,5,0,0,2738,Andre Iguodala,DEN,Denver,1610612743.0,Nuggets,0,,,,,,0,,,,,,82 - 78,-4,Iguodala 20' Jump Shot (10 PTS),9:08 PM
386,3,2,433,0021200271,MISS West 5' Hook Shot,,4:37,4,4,0,0,2561,David West,IND,Indiana,1610612754.0,Pacers,0,,,,,,0,,,,,,,,,9:08 PM
387,0,4,434,0021200271,West REBOUND (Off:1 Def:8),,4:35,4,4,0,0,2561,David West,IND,Indiana,1610612754.0,Pacers,0,,,,,,0,,,,,,,,,9:08 PM
388,1,1,435,0021200271,Hill 7' Jump Shot (14 PTS),,4:32,4,4,0,0,201588,George Hill,IND,Indiana,1610612754.0,Pacers,0,,,,,,0,,,,,,82 - 80,-2,,9:08 PM
389,2,6,436,0021200271,,,4:32,4,5,4,1,201585,Kosta Koufos,DEN,Denver,1610612743.0,Nuggets,201588,George Hill,IND,Indiana,1610612754.0,Pacers,0,,,,,,,,Koufos S.FOUL (P4.T3),9:08 PM
390,0,8,437,0021200271,,,4:32,4,5,5,0,201585,Kosta Koufos,DEN,Denver,1610612743.0,Nuggets,201580,JaVale McGee,DEN,Denver,1610612743.0,Nuggets,0,,,,,,,,SUB: McGee FOR Koufos,9:08 PM
391,0,8,438,0021200271,,,4:32,4,5,5,0,201147,Corey Brewer,DEN,Denver,1610612743.0,Nuggets,1889,Andre Miller,DEN,Denver,1610612743.0,Nuggets,0,,,,,,,,SUB: Miller FOR Brewer,9:08 PM
392,10,3,439,0021200271,Hill Free Throw 1 of 1 (15 PTS),,4:32,4,4,0,0,201588,George Hill,IND,Indiana,1610612754.0,Pacers,0,,,,,,0,,,,,,82 - 81,-1,,9:09 PM
393,1,2,441,0021200271,,,4:08,4,5,0,0,201951,Ty Lawson,DEN,Denver,1610612743.0,Nuggets,0,,,,,,0,,,,,,,,MISS Lawson 18' Jump Shot,9:09 PM
394,0,4,442,0021200271,Hill REBOUND (Off:0 Def:4),,4:07,4,4,0,0,201588,George Hill,IND,Indiana,1610612754.0,Pacers,0,,,,,,0,,,,,,,,,9:09 PM
395,2,6,443,0021200271,,,3:52,4,5,4,1,201580,JaVale McGee,DEN,Denver,1610612743.0,Nuggets,201579,Roy Hibbert,IND,Indiana,1610612754.0,Pacers,0,,,,,,,,McGee S.FOUL (P4.T4),9:10 PM
396,11,3,444,0021200271,MISS Hibbert Free Throw 1 of 2,,3:52,4,4,0,0,201579,Roy Hibbert,IND,Indiana,1610612754.0,Pacers,0,,,,,,0,,,,,,,,,9:10 PM
397,1,4,445,0021200271,PACERS Rebound,,3:52,4,2,0,0,1610612754,,,,,,0,,,,,,0,,,,,,,,,9:10 PM
398,12,3,446,0021200271,Hibbert Free Throw 2 of 2 (10 PTS),,3:52,4,4,0,0,201579,Roy Hibbert,IND,Indiana,1610612754.0,Pacers,0,,,,,,0,,,,,,82 - 82,TIE,,9:10 PM
399,1,2,448,0021200271,Hill BLOCK (1 BLK),,3:42,4,5,0,4,201951,Ty Lawson,DEN,Denver,1610612743.0,Nuggets,0,,,,,,201588,George Hill,IND,Indiana,1610612754.0,Pacers,,,MISS Lawson 4' Jump Shot,9:10 PM
400,0,4,449,0021200271,West REBOUND (Off:1 Def:9),,3:41,4,4,0,0,2561,David West,IND,Indiana,1610612754.0,Pacers,0,,,,,,0,,,,,,,,,9:10 PM
401,1,1,450,0021200271,George 26' 3PT Jump Shot (19 PTS) (Stephenson 1 AST),,3:31,4,4,4,0,202331,Paul George,IND,Indiana,1610612754.0,Pacers,202362,Lance Stephenson,IND,Indiana,1610612754.0,Pacers,0,,,,,,82 - 85,3,,9:11 PM
402,1,9,451,0021200271,,,3:30,4,3,0,0,1610612743,,,,,,0,,,,,,0,,,,,,,,Nuggets Timeout: Regular (Reg.4 Short 0),9:11 PM
403,1,5,453,0021200271,Stephenson STEAL (1 STL),,3:16,4,5,4,0,2738,Andre Iguodala,DEN,Denver,1610612743.0,Nuggets,202362,Lance Stephenson,IND,Indiana,1610612754.0,Pacers,0,,,,,,,,Iguodala Bad Pass Turnover (P2.T8),9:14 PM
404,1,2,454,0021200271,MISS West 6' Jump Shot,,2:52,4,4,0,0,2561,David West,IND,Indiana,1610612754.0,Pacers,0,,,,,,0,,,,,,,,,9:15 PM
405,0,4,455,0021200271,,,2:51,4,5,0,0,201568,Danilo Gallinari,DEN,Denver,1610612743.0,Nuggets,0,,,,,,0,,,,,,,,Gallinari REBOUND (Off:1 Def:5),9:15 PM
406,2,6,456,0021200271,George S.FOUL (P4.T3),,2:44,4,4,5,1,202331,Paul George,IND,Indiana,1610612754.0,Pacers,1889,Andre Miller,DEN,Denver,1610612743.0,Nuggets,0,,,,,,,,,9:15 PM
407,11,3,457,0021200271,,,2:44,4,5,0,0,1889,Andre Miller,DEN,Denver,1610612743.0,Nuggets,0,,,,,,0,,,,,,83 - 85,2,Miller Free Throw 1 of 2 (8 PTS),9:15 PM
408,12,3,459,0021200271,,,2:44,4,5,0,0,1889,Andre Miller,DEN,Denver,1610612743.0,Nuggets,0,,,,,,0,,,,,,84 - 85,1,Miller Free Throw 2 of 2 (9 PTS),9:15 PM
409,1,2,461,0021200271,MISS Hill 27' 3PT Jump Shot,,2:35,4,4,0,0,201588,George Hill,IND,Indiana,1610612754.0,Pacers,0,,,,,,0,,,,,,,,,9:16 PM
410,0,4,462,0021200271,,,2:33,4,5,0,0,201568,Danilo Gallinari,DEN,Denver,1610612743.0,Nuggets,0,,,,,,0,,,,,,,,Gallinari REBOUND (Off:1 Def:6),9:16 PM
411,42,1,463,0021200271,,,2:27,4,5,0,0,1889,Andre Miller,DEN,Denver,1610612743.0,Nuggets,0,,,,,,0,,,,,,86 - 85,-1,Miller 2' Driving Layup (11 PTS),9:16 PM
412,1,5,464,0021200271,West Bad Pass Turnover (P2.T19),,2:13,4,4,0,0,2561,David West,IND,Indiana,1610612754.0,Pacers,0,,,,,,0,,,,,,,,,9:16 PM
413,79,1,465,0021200271,,,1:55,4,5,0,0,1889,Andre Miller,DEN,Denver,1610612743.0,Nuggets,0,,,,,,0,,,,,,88 - 85,-3,Miller 15' Pullup Jump Shot (13 PTS),9:17 PM
414,80,2,466,0021200271,MISS George 25' 3PT Step Back Jump Shot,,1:44,4,4,0,0,202331,Paul George,IND,Indiana,1610612754.0,Pacers,0,,,,,,0,,,,,,,,,9:17 PM
415,0,4,467,0021200271,,,1:41,4,5,0,0,1889,Andre Miller,DEN,Denver,1610612743.0,Nuggets,0,,,,,,0,,,,,,,,Miller REBOUND (Off:1 Def:3),9:17 PM
416,8,1,468,0021200271,,,1:38,4,5,5,0,201580,JaVale McGee,DEN,Denver,1610612743.0,Nuggets,1889,Andre Miller,DEN,Denver,1610612743.0,Nuggets,0,,,,,,90 - 85,-5,McGee 1' Slam Dunk (20 PTS) (Miller 8 AST),9:17 PM
417,1,9,469,0021200271,PACERS Timeout: Regular (Full 5 Short 1),,1:38,4,2,0,0,1610612754,,,,,,0,,,,,,0,,,,,,,,,9:17 PM
418,1,2,471,0021200271,MISS Hill 25' 3PT Jump Shot,,1:22,4,4,0,0,201588,George Hill,IND,Indiana,1610612754.0,Pacers,0,,,,,,0,,,,,,,,,9:19 PM
419,0,4,472,0021200271,,,1:22,4,3,0,0,1610612743,,,,,,0,,,,,,0,,,,,,,,Nuggets Rebound,9:19 PM
420,1,6,473,0021200271,Stephenson P.FOUL (P3.T4),,1:07,4,4,5,1,202362,Lance Stephenson,IND,Indiana,1610612754.0,Pacers,1889,Andre Miller,DEN,Denver,1610612743.0,Nuggets,0,,,,,,,,,9:20 PM
421,0,8,474,0021200271,SUB: Young FOR Stephenson,,1:07,4,4,4,0,202362,Lance Stephenson,IND,Indiana,1610612754.0,Pacers,201970,Sam Young,IND,Indiana,1610612754.0,Pacers,0,,,,,,,,,9:20 PM
422,81,1,475,0021200271,,,1:01,4,5,0,0,1889,Andre Miller,DEN,Denver,1610612743.0,Nuggets,0,,,,,,0,,,,,,92 - 85,-7,Miller 14' Pullup Bank Shot (15 PTS),9:21 PM
423,2,9,476,0021200271,PACERS Timeout: Short (Full 5 Short 2),,1:01,4,2,0,0,1610612754,,,,,,0,,,,,,0,,,,,,,,,9:21 PM
424,0,8,478,0021200271,SUB: Stephenson FOR Young,,1:01,4,4,4,0,201970,Sam Young,IND,Indiana,1610612754.0,Pacers,202362,Lance Stephenson,IND,Indiana,1610612754.0,Pacers,0,,,,,,,,,9:21 PM
425,1,1,479,0021200271,George 24' 3PT Jump Shot (22 PTS) (Stephenson 2 AST),,0:59,4,4,4,0,202331,Paul George,IND,Indiana,1610612754.0,Pacers,202362,Lance Stephenson,IND,Indiana,1610612754.0,Pacers,0,,,,,,92 - 88,-4,,9:22 PM
426,47,2,480,0021200271,Hill BLOCK (2 BLK),,0:36,4,5,0,4,1889,Andre Miller,DEN,Denver,1610612743.0,Nuggets,0,,,,,,201588,George Hill,IND,Indiana,1610612754.0,Pacers,,,MISS Miller 11' Turnaround Jump Shot,9:22 PM
427,0,4,481,0021200271,Stephenson REBOUND (Off:1 Def:3),,0:35,4,4,0,0,202362,Lance Stephenson,IND,Indiana,1610612754.0,Pacers,0,,,,,,0,,,,,,,,,9:22 PM
428,2,6,482,0021200271,,,0:29,4,5,4,1,201580,JaVale McGee,DEN,Denver,1610612743.0,Nuggets,202362,Lance Stephenson,IND,Indiana,1610612754.0,Pacers,0,,,,,,,,McGee S.FOUL (P5.PN),9:22 PM
429,11,3,483,0021200271,MISS Stephenson Free Throw 1 of 2,,0:29,4,4,0,0,202362,Lance Stephenson,IND,Indiana,1610612754.0,Pacers,0,,,,,,0,,,,,,,,,9:23 PM
430,1,4,484,0021200271,PACERS Rebound,,0:29,4,2,0,0,1610612754,,,,,,0,,,,,,0,,,,,,,,,9:23 PM
431,12,3,485,0021200271,Stephenson Free Throw 2 of 2 (12 PTS),,0:29,4,4,0,0,202362,Lance Stephenson,IND,Indiana,1610612754.0,Pacers,0,,,,,,0,,,,,,92 - 89,-3,,9:23 PM
432,45,2,490,0021200271,Hill BLOCK (3 BLK),,0:08,4,5,0,4,201951,Ty Lawson,DEN,Denver,1610612743.0,Nuggets,0,,,,,,201588,George Hill,IND,Indiana,1610612754.0,Pacers,,,MISS Lawson 24' 3PT Jump Shot,9:24 PM
433,0,4,487,0021200271,West REBOUND (Off:1 Def:10),,0:07,4,4,0,0,2561,David West,IND,Indiana,1610612754.0,Pacers,0,,,,,,0,,,,,,,,,9:24 PM
434,1,2,488,0021200271,MISS Hill 26' 3PT Jump Shot,,0:00,4,4,0,0,201588,George Hill,IND,Indiana,1610612754.0,Pacers,0,,,,,,0,,,,,,,,,9:24 PM
435,0,4,489,0021200271,PACERS Rebound,,0:00,4,2,0,0,1610612754,,,,,,0,,,,,,0,,,,,,,,,9:24 PM
436,0,13,491,0021200271,,,0:00,4,0,0,0,0,,,,,,0,,,,,,0,,,,,,92 - 89,-3,,9:24 PM
