,EVENTMSGACTIONTYPE,EVENTMSGTYPE,EVENTNUM,GAME_ID,HOMEDESCRIPTION,NEUTRALDESCRIPTION,PCTIMESTRING,PERIOD,PERSON1TYPE,PERSON2TYPE,PERSON3TYPE,PLAYER1_ID,PLAYER1_NAME,PLAYER1_TEAM_ABBREVIATION,PLAYER1_TEAM_CITY,PLAYER1_TEAM_ID,PLAYER1_TEAM_NICKNAME,PLAYER2_ID,PLAYER2_NAME,PLAYER2_TEAM_ABBREVIATION,PLAYER2_TEAM_CITY,PLAYER2_TEAM_ID,PLAYER2_TEAM_NICKNAME,PLAYER3_ID,PLAYER3_NAME,PLAYER3_TEAM_ABBREVIATION,PLAYER3_TEAM_CITY,PLAYER3_TEAM_ID,PLAYER3_TEAM_NICKNAME,SCORE,SCOREMARGIN,VISITORDESCRIPTION,WCTIMESTRING
0,0,12,0,0029900141,,,12:00,1,0,0,0,0,,,,,,0,,,,,,0,,,,,,,,,12:39 PM
1,0,10,1,0029900141,Jump Ball Robinson vs. Bradley: Tip to Elie,,12:00,1,4,5,4,764,David Robinson,SAS,San Antonio,1610612759.0,Spurs,762,Shawn Bradley,DAL,Dallas,1610612742.0,Mavericks,53,Mario Elie,SAS,San Antonio,1610612759.0,Spurs,,,,12:40 PM
2,1,2,2,0029900141,MISS Johnson 15' Jump Shot,,11:39,1,4,0,0,422,Avery Johnson,SAS,San Antonio,1610612759.0,Spurs,0,,,,,,0,,,,,,,,,12:40 PM
3,0,4,3,0029900141,,,11:36,1,5,0,0,1065,Erick Strickland,DAL,Dallas,1610612742.0,Mavericks,0,,,,,,0,,,,,,,,Strickland REBOUND (Off:0 Def:1),12:40 PM
4,1,1,4,0029900141,,,11:30,1,5,0,0,1065,Erick Strickland,DAL,Dallas,1610612742.0,Mavericks,0,,,,,,0,,,,,,2 - 0,-2,Strickland 14' Jump Shot (2 PTS),12:40 PM
5,1,1,5,0029900141,Elie 18' Jump Shot (2 PTS) (Johnson 1 AST),,11:23,1,4,4,0,53,Mario Elie,SAS,San Antonio,1610612759.0,Spurs,422,Avery Johnson,SAS,San Antonio,1610612759.0,Spurs,0,,,,,,2 - 2,TIE,,12:40 PM
6,1,2,6,0029900141,,,11:12,1,5,0,0,123,Robert Pack,DAL,Dallas,1610612742.0,Mavericks,0,,,,,,0,,,,,,,,MISS Pack 14' Jump Shot,12:41 PM
7,0,4,7,0029900141,Duncan REBOUND (Off:0 Def:1),,11:10,1,4,0,0,1495,Tim Duncan,SAS,San Antonio,1610612759.0,Spurs,0,,,,,,0,,,,,,,,,12:41 PM
8,1,2,8,0029900141,MISS Johnson 17' Jump Shot,,10:55,1,4,0,0,422,Avery Johnson,SAS,San Antonio,1610612759.0,Spurs,0,,,,,,0,,,,,,,,,12:41 PM
9,0,4,9,0029900141,,,10:52,1,5,0,0,1065,Erick Strickland,DAL,Dallas,1610612742.0,Mavericks,0,,,,,,0,,,,,,,,Strickland REBOUND (Off:0 Def:2),12:41 PM
10,1,2,10,0029900141,,,10:48,1,5,0,0,1717,Dirk Nowitzki,DAL,Dallas,1610612742.0,Mavericks,0,,,,,,0,,,,,,,,MISS Nowitzki 16' Jump Shot,12:41 PM
11,0,4,11,0029900141,,,10:46,1,3,0,0,1610612742,,,,,,0,,,,,,0,,,,,,,,Mavericks Rebound,12:41 PM
12,1,2,12,0029900141,,,10:32,1,5,0,0,714,Michael Finley,DAL,Dallas,1610612742.0,Mavericks,0,,,,,,0,,,,,,,,MISS Finley 16' Jump Shot,12:41 PM
13,0,4,13,0029900141,SPURS Rebound,,10:31,1,2,0,0,1610612759,,,,,,0,,,,,,0,,,,,,,,,12:42 PM
14,1,1,15,0029900141,Brown 19' Jump Shot (2 PTS) (Johnson 2 AST),,10:18,1,4,4,0,359,Chucky Brown,SAS,San Antonio,1610612759.0,Spurs,422,Avery Johnson,SAS,San Antonio,1610612759.0,Spurs,0,,,,,,2 - 4,2,,12:42 PM
15,1,5,16,0029900141,,,10:14,1,5,0,0,714,Michael Finley,DAL,Dallas,1610612742.0,Mavericks,0,,,,,,0,,,,,,,,Finley Bad Pass Turnover (P1.T1),12:42 PM
16,1,2,17,0029900141,MISS Johnson 10' Jump Shot,,9:53,1,4,0,0,422,Avery Johnson,SAS,San Antonio,1610612759.0,Spurs,0,,,,,,0,,,,,,,,,12:42 PM
17,0,4,19,0029900141,Robinson REBOUND (Off:1 Def:0),,9:50,1,4,0,0,764,David Robinson,SAS,San Antonio,1610612759.0,Spurs,0,,,,,,0,,,,,,,,,12:42 PM
18,1,2,18,0029900141,MISS Robinson 4' Jump Shot,,9:50,1,4,0,0,764,David Robinson,SAS,San Antonio,1610612759.0,Spurs,0,,,,,,0,,,,,,,,,12:42 PM
19,0,4,20,0029900141,,,9:47,1,5,0,0,1717,Dirk Nowitzki,DAL,Dallas,1610612742.0,Mavericks,0,,,,,,0,,,,,,,,Nowitzki REBOUND (Off:0 Def:1),12:43 PM
20,1,2,21,0029900141,,,9:39,1,5,0,0,1065,Erick Strickland,DAL,Dallas,1610612742.0,Mavericks,0,,,,,,0,,,,,,,,MISS Strickland 25' 3PT Jump Shot,12:43 PM
21,0,4,22,0029900141,,,9:37,1,5,0,0,1717,Dirk Nowitzki,DAL,Dallas,1610612742.0,Mavericks,0,,,,,,0,,,,,,,,Nowitzki REBOUND (Off:1 Def:1),12:43 PM
22,1,2,23,0029900141,,,9:26,1,5,0,0,714,Michael Finley,DAL,Dallas,1610612742.0,Mavericks,0,,,,,,0,,,,,,,,MISS Finley 5' Jump Shot,12:43 PM
23,0,4,24,0029900141,Duncan REBOUND (Off:0 Def:2),,9:24,1,4,0,0,1495,Tim Duncan,SAS,San Antonio,1610612759.0,Spurs,0,,,,,,0,,,,,,,,,12:43 PM
24,1,2,25,0029900141,MISS Robinson 10' Jump Shot,,9:14,1,4,0,0,764,David Robinson,SAS,San Antonio,1610612759.0,Spurs,0,,,,,,0,,,,,,,,,12:43 PM
25,0,4,26,0029900141,,,9:12,1,5,0,0,714,Michael Finley,DAL,Dallas,1610612742.0,Mavericks,0,,,,,,0,,,,,,,,Finley REBOUND (Off:0 Def:1),12:43 PM
26,1,1,28,0029900141,,,8:56,1,5,5,0,714,Michael Finley,DAL,Dallas,1610612742.0,Mavericks,123,Robert Pack,DAL,Dallas,1610612742.0,Mavericks,0,,,,,,4 - 4,TIE,Finley 14' Jump Shot (2 PTS) (Pack 1 AST),12:44 PM
27,1,2,29,0029900141,MISS Duncan 10' Jump Shot,,8:43,1,4,0,0,1495,Tim Duncan,SAS,San Antonio,1610612759.0,Spurs,0,,,,,,0,,,,,,,,,12:44 PM
28,0,4,30,0029900141,Robinson REBOUND (Off:2 Def:0),,8:41,1,4,0,0,764,David Robinson,SAS,San Antonio,1610612759.0,Spurs,0,,,,,,0,,,,,,,,,12:44 PM
29,5,1,31,0029900141,Robinson 2' Layup (2 PTS),,8:41,1,4,0,0,764,David Robinson,SAS,San Antonio,1610612759.0,Spurs,0,,,,,,0,,,,,,4 - 6,2,,12:44 PM
30,2,6,32,0029900141,,,8:41,1,5,0,1,762,Shawn Bradley,DAL,Dallas,1610612742.0,Mavericks,0,,,,,,0,,,,,,,,Bradley S.FOUL (P1.T1),12:44 PM
31,10,3,33,0029900141,Robinson Free Throw 1 of 1 (3 PTS),,8:41,1,4,0,0,764,David Robinson,SAS,San Antonio,1610612759.0,Spurs,0,,,,,,0,,,,,,4 - 7,3,,12:44 PM
32,1,2,34,0029900141,,,8:29,1,5,0,0,1065,Erick Strickland,DAL,Dallas,1610612742.0,Mavericks,0,,,,,,0,,,,,,,,MISS Strickland 19' Jump Shot,12:44 PM
33,0,4,35,0029900141,Brown REBOUND (Off:0 Def:1),,8:27,1,4,0,0,359,Chucky Brown,SAS,San Antonio,1610612759.0,Spurs,0,,,,,,0,,,,,,,,,12:44 PM
34,1,1,36,0029900141,Elie 19' Jump Shot (4 PTS) (Johnson 3 AST),,8:10,1,4,4,0,53,Mario Elie,SAS,San Antonio,1610612759.0,Spurs,422,Avery Johnson,SAS,San Antonio,1610612759.0,Spurs,0,,,,,,4 - 9,5,,12:45 PM
35,1,5,37,0029900141,Elie STEAL (1 STL),,8:02,1,5,4,0,1065,Erick Strickland,DAL,Dallas,1610612742.0,Mavericks,53,Mario Elie,SAS,San Antonio,1610612759.0,Spurs,0,,,,,,,,Strickland Bad Pass Turnover (P1.T2),12:45 PM
36,1,2,38,0029900141,MISS Elie 15' Jump Shot,,7:58,1,4,0,0,53,Mario Elie,SAS,San Antonio,1610612759.0,Spurs,0,,,,,,0,,,,,,,,,12:45 PM
37,0,4,39,0029900141,,,7:55,1,3,0,0,1610612742,,,,,,0,,,,,,0,,,,,,,,Mavericks Rebound,12:45 PM
38,1,2,40,0029900141,,,7:47,1,5,0,0,1717,Dirk Nowitzki,DAL,Dallas,1610612742.0,Mavericks,0,,,,,,0,,,,,,,,MISS Nowitzki 17' Jump Shot,12:45 PM
39,0,4,42,0029900141,Brown REBOUND (Off:0 Def:2),,7:45,1,4,0,0,359,Chucky Brown,SAS,San Antonio,1610612759.0,Spurs,0,,,,,,0,,,,,,,,,12:45 PM
40,5,2,43,0029900141,MISS Robinson 3' Layup,,7:39,1,4,0,0,764,David Robinson,SAS,San Antonio,1610612759.0,Spurs,0,,,,,,0,,,,,,,,,12:45 PM
41,0,4,44,0029900141,Duncan REBOUND (Off:1 Def:2),,7:36,1,4,0,0,1495,Tim Duncan,SAS,San Antonio,1610612759.0,Spurs,0,,,,,,0,,,,,,,,,12:45 PM
42,5,1,45,0029900141,Duncan 3' Layup (2 PTS),,7:35,1,4,0,0,1495,Tim Duncan,SAS,San Antonio,1610612759.0,Spurs,0,,,,,,0,,,,,,4 - 11,7,,12:45 PM
43,1,2,47,0029900141,,,7:07,1,5,0,0,762,Shawn Bradley,DAL,Dallas,1610612742.0,Mavericks,0,,,,,,0,,,,,,,,MISS Bradley 17' Jump Shot,12:46 PM
44,0,4,48,0029900141,,,6:59,1,5,0,0,1717,Dirk Nowitzki,DAL,Dallas,1610612742.0,Mavericks,0,,,,,,0,,,,,,,,Nowitzki REBOUND (Off:2 Def:1),12:46 PM
45,5,1,49,0029900141,,,6:55,1,5,0,0,1717,Dirk Nowitzki,DAL,Dallas,1610612742.0,Mavericks,0,,,,,,0,,,,,,6 - 11,5,Nowitzki 2' Layup (2 PTS),12:46 PM
46,1,1,50,0029900141,Brown 12' Jump Shot (4 PTS) (Johnson 4 AST),,6:45,1,4,4,0,359,Chucky Brown,SAS,San Antonio,1610612759.0,Spurs,422,Avery Johnson,SAS,San Antonio,1610612759.0,Spurs,0,,,,,,6 - 13,7,,12:46 PM
47,3,1,51,0029900141,,,6:24,1,5,5,0,762,Shawn Bradley,DAL,Dallas,1610612742.0,Mavericks,714,Michael Finley,DAL,Dallas,1610612742.0,Mavericks,0,,,,,,8 - 13,5,Bradley 8' Hook Shot (2 PTS) (Finley 1 AST),12:46 PM
48,1,1,52,0029900141,Robinson 16' Jump Shot (5 PTS) (Duncan 1 AST),,6:10,1,4,4,0,764,David Robinson,SAS,San Antonio,1610612759.0,Spurs,1495,Tim Duncan,SAS,San Antonio,1610612759.0,Spurs,0,,,,,,8 - 15,7,,12:47 PM
49,1,9,53,0029900141,,,6:02,1,3,0,0,1610612742,,,,,,0,,,,,,0,,,,,,,,Mavericks Timeout: Regular (Reg.1 Short 0),12:47 PM
50,1,5,55,0029900141,Johnson STEAL (1 STL),,5:54,1,5,4,0,123,Robert Pack,DAL,Dallas,1610612742.0,Mavericks,422,Avery Johnson,SAS,San Antonio,1610612759.0,Spurs,0,,,,,,,,Pack Bad Pass Turnover (P1.T3),12:49 PM
51,5,1,56,0029900141,Johnson 3' Layup (2 PTS),,5:50,1,4,0,0,422,Avery Johnson,SAS,San Antonio,1610612759.0,Spurs,0,,,,,,0,,,,,,8 - 17,9,,12:49 PM
52,1,1,57,0029900141,,,5:31,1,5,5,0,762,Shawn Bradley,DAL,Dallas,1610612742.0,Mavericks,123,Robert Pack,DAL,Dallas,1610612742.0,Mavericks,0,,,,,,10 - 17,7,Bradley 17' Jump Shot (4 PTS) (Pack 2 AST),12:50 PM
53,1,2,58,0029900141,MISS Robinson 13' Jump Shot,,5:11,1,4,0,0,764,David Robinson,SAS,San Antonio,1610612759.0,Spurs,0,,,,,,0,,,,,,,,,12:50 PM
54,0,4,59,0029900141,,,5:07,1,5,0,0,1065,Erick Strickland,DAL,Dallas,1610612742.0,Mavericks,0,,,,,,0,,,,,,,,Strickland REBOUND (Off:0 Def:3),12:50 PM
55,1,2,60,0029900141,,,5:02,1,5,0,0,1717,Dirk Nowitzki,DAL,Dallas,1610612742.0,Mavericks,0,,,,,,0,,,,,,,,MISS Nowitzki 7' Jump Shot,12:50 PM
56,0,4,61,0029900141,,,5:00,1,5,0,0,1717,Dirk Nowitzki,DAL,Dallas,1610612742.0,Mavericks,0,,,,,,0,,,,,,,,Nowitzki REBOUND (Off:3 Def:1),12:50 PM
57,1,6,62,0029900141,Elie P.FOUL (P1.T1),,5:00,1,4,0,1,53,Mario Elie,SAS,San Antonio,1610612759.0,Spurs,0,,,,,,0,,,,,,,,,12:50 PM
58,1,1,64,0029900141,,,4:52,1,5,0,0,1717,Dirk Nowitzki,DAL,Dallas,1610612742.0,Mavericks,0,,,,,,0,,,,,,12 - 17,5,Nowitzki 16' Jump Shot (4 PTS),12:51 PM
59,2,6,65,0029900141,Duncan S.FOUL (P1.T2),,4:52,1,4,0,1,1495,Tim Duncan,SAS,San Antonio,1610612759.0,Spurs,0,,,,,,0,,,,,,,,,12:51 PM
60,10,3,66,0029900141,,,4:52,1,5,0,0,1717,Dirk Nowitzki,DAL,Dallas,1610612742.0,Mavericks,0,,,,,,0,,,,,,13 - 17,4,Nowitzki Free Throw 1 of 1 (5 PTS),12:51 PM
61,3,5,67,0029900141,Johnson Out Of Bounds Turnover (P1.T1),,4:42,1,4,0,0,422,Avery Johnson,SAS,San Antonio,1610612759.0,Spurs,0,,,,,,0,,,,,,,,,12:51 PM
62,6,1,68,0029900141,,,4:27,1,5,0,0,123,Robert Pack,DAL,Dallas,1610612742.0,Mavericks,0,,,,,,0,,,,,,15 - 17,2,Pack 3' Driving Layup (2 PTS),12:51 PM
63,1,9,69,0029900141,SPURS Timeout: Regular (Full 1 Short 0),,4:21,1,2,0,0,1610612759,,,,,,0,,,,,,0,,,,,,,,,12:52 PM
64,1,2,71,0029900141,MISS Duncan 17' Jump Shot,,4:10,1,4,0,0,1495,Tim Duncan,SAS,San Antonio,1610612759.0,Spurs,0,,,,,,0,,,,,,,,,12:54 PM
65,0,4,72,0029900141,Elie REBOUND (Off:1 Def:0),,4:07,1,4,0,0,53,Mario Elie,SAS,San Antonio,1610612759.0,Spurs,0,,,,,,0,,,,,,,,,12:54 PM
66,1,5,73,0029900141,Elie Bad Pass Turnover (P1.T2),,4:03,1,4,5,0,53,Mario Elie,SAS,San Antonio,1610612759.0,Spurs,123,Robert Pack,DAL,Dallas,1610612742.0,Mavericks,0,,,,,,,,Pack STEAL (1 STL),12:54 PM
67,1,2,74,0029900141,,,3:57,1,5,0,0,762,Shawn Bradley,DAL,Dallas,1610612742.0,Mavericks,0,,,,,,0,,,,,,,,MISS Bradley 18' Jump Shot,12:54 PM
68,0,4,75,0029900141,Elie REBOUND (Off:1 Def:1),,3:55,1,4,0,0,53,Mario Elie,SAS,San Antonio,1610612759.0,Spurs,0,,,,,,0,,,,,,,,,12:54 PM
69,1,2,76,0029900141,MISS Elie 24' 3PT Jump Shot,,3:45,1,4,0,0,53,Mario Elie,SAS,San Antonio,1610612759.0,Spurs,0,,,,,,0,,,,,,,,,12:54 PM
70,0,4,77,0029900141,Brown REBOUND (Off:1 Def:2),,3:43,1,4,0,0,359,Chucky Brown,SAS,San Antonio,1610612759.0,Spurs,0,,,,,,0,,,,,,,,,12:54 PM
71,5,1,78,0029900141,Brown 3' Layup (6 PTS),,3:41,1,4,0,0,359,Chucky Brown,SAS,San Antonio,1610612759.0,Spurs,0,,,,,,0,,,,,,15 - 19,4,,12:54 PM
72,1,2,79,0029900141,,,3:16,1,5,0,0,123,Robert Pack,DAL,Dallas,1610612742.0,Mavericks,0,,,,,,0,,,,,,,,MISS Pack 9' Jump Shot,12:55 PM
73,0,4,80,0029900141,Robinson REBOUND (Off:2 Def:1),,3:12,1,4,0,0,764,David Robinson,SAS,San Antonio,1610612759.0,Spurs,0,,,,,,0,,,,,,,,,12:55 PM
74,0,8,81,0029900141,SUB: Jackson FOR Elie,,3:03,1,4,4,0,53,Mario Elie,SAS,San Antonio,1610612759.0,Spurs,1114,Jaren Jackson,SAS,San Antonio,1610612759.0,Spurs,0,,,,,,,,,12:55 PM
75,0,8,82,0029900141,SUB: Kersey FOR Brown,,3:03,1,4,4,0,359,Chucky Brown,SAS,San Antonio,1610612759.0,Spurs,760,Jerome Kersey,SAS,San Antonio,1610612759.0,Spurs,0,,,,,,,,,12:55 PM
76,1,2,83,0029900141,MISS Johnson 16' Jump Shot,,2:57,1,4,0,0,422,Avery Johnson,SAS,San Antonio,1610612759.0,Spurs,0,,,,,,0,,,,,,,,,12:55 PM
77,0,4,84,0029900141,Duncan REBOUND (Off:2 Def:2),,2:55,1,4,0,0,1495,Tim Duncan,SAS,San Antonio,1610612759.0,Spurs,0,,,,,,0,,,,,,,,,12:55 PM
78,1,2,85,0029900141,MISS Duncan 9' Jump Shot,,2:41,1,4,0,0,1495,Tim Duncan,SAS,San Antonio,1610612759.0,Spurs,0,,,,,,0,,,,,,,,,12:56 PM
79,0,4,86,0029900141,Robinson REBOUND (Off:3 Def:1),,2:39,1,4,0,0,764,David Robinson,SAS,San Antonio,1610612759.0,Spurs,0,,,,,,0,,,,,,,,,12:56 PM
80,1,1,87,0029900141,Jackson 25' 3PT Jump Shot (3 PTS) (Robinson 1 AST),,2:37,1,4,4,0,1114,Jaren Jackson,SAS,San Antonio,1610612759.0,Spurs,764,David Robinson,SAS,San Antonio,1610612759.0,Spurs,0,,,,,,15 - 22,7,,12:56 PM
81,1,6,88,0029900141,Kersey P.FOUL (P1.T3),,2:26,1,4,0,1,760,Jerome Kersey,SAS,San Antonio,1610612759.0,Spurs,0,,,,,,0,,,,,,,,,12:56 PM
82,1,2,89,0029900141,,,2:12,1,5,0,0,762,Shawn Bradley,DAL,Dallas,1610612742.0,Mavericks,0,,,,,,0,,,,,,,,MISS Bradley 12' Jump Shot,12:56 PM
83,0,4,91,0029900141,,,2:10,1,5,0,0,714,Michael Finley,DAL,Dallas,1610612742.0,Mavericks,0,,,,,,0,,,,,,,,Finley REBOUND (Off:1 Def:1),12:56 PM
84,4,2,90,0029900141,,,2:10,1,5,0,0,714,Michael Finley,DAL,Dallas,1610612742.0,Mavericks,0,,,,,,0,,,,,,,,MISS Finley 3' Tip Shot,12:56 PM
85,0,4,92,0029900141,Jackson REBOUND (Off:0 Def:1),,2:08,1,4,0,0,1114,Jaren Jackson,SAS,San Antonio,1610612759.0,Spurs,0,,,,,,0,,,,,,,,,12:57 PM
86,2,5,93,0029900141,Duncan Lost Ball Turnover (P1.T3),,2:03,1,4,5,0,1495,Tim Duncan,SAS,San Antonio,1610612759.0,Spurs,1717,Dirk Nowitzki,DAL,Dallas,1610612742.0,Mavericks,0,,,,,,,,Nowitzki STEAL (1 STL),12:57 PM
87,1,2,95,0029900141,Robinson BLOCK (1 BLK),,1:50,1,5,0,4,762,Shawn Bradley,DAL,Dallas,1610612742.0,Mavericks,0,,,,,,764,David Robinson,SAS,San Antonio,1610612759.0,Spurs,,,MISS Bradley 3' Jump Shot,12:57 PM
88,0,4,96,0029900141,,,1:45,1,5,0,0,714,Michael Finley,DAL,Dallas,1610612742.0,Mavericks,0,,,,,,0,,,,,,,,Finley REBOUND (Off:2 Def:1),12:57 PM
89,2,6,97,0029900141,Kersey S.FOUL (P2.T4),,1:41,1,4,0,1,760,Jerome Kersey,SAS,San Antonio,1610612759.0,Spurs,0,,,,,,0,,,,,,,,,12:57 PM
90,11,3,99,0029900141,,,1:41,1,5,0,0,762,Shawn Bradley,DAL,Dallas,1610612742.0,Mavericks,0,,,,,,0,,,,,,16 - 22,6,Bradley Free Throw 1 of 2 (5 PTS),12:58 PM
91,0,8,100,0029900141,SUB: Rose FOR Duncan,,1:41,1,4,4,0,1495,Tim Duncan,SAS,San Antonio,1610612759.0,Spurs,990,Malik Rose,SAS,San Antonio,1610612759.0,Spurs,0,,,,,,,,,12:58 PM
92,12,3,101,0029900141,,,1:41,1,5,0,0,762,Shawn Bradley,DAL,Dallas,1610612742.0,Mavericks,0,,,,,,0,,,,,,17 - 22,5,Bradley Free Throw 2 of 2 (6 PTS),12:58 PM
93,1,2,102,0029900141,MISS Kersey 20' Jump Shot,,1:23,1,4,0,0,760,Jerome Kersey,SAS,San Antonio,1610612759.0,Spurs,0,,,,,,0,,,,,,,,,12:58 PM
94,0,4,103,0029900141,,,1:21,1,5,0,0,1717,Dirk Nowitzki,DAL,Dallas,1610612742.0,Mavericks,0,,,,,,0,,,,,,,,Nowitzki REBOUND (Off:3 Def:2),12:59 PM
95,1,1,104,0029900141,,,1:16,1,5,5,0,1065,Erick Strickland,DAL,Dallas,1610612742.0,Mavericks,1717,Dirk Nowitzki,DAL,Dallas,1610612742.0,Mavericks,0,,,,,,19 - 22,3,Strickland 15' Jump Shot (4 PTS) (Nowitzki 1 AST),12:59 PM
96,1,1,105,0029900141,Kersey 17' Jump Shot (2 PTS) (Rose 1 AST),,0:53,1,4,4,0,760,Jerome Kersey,SAS,San Antonio,1610612759.0,Spurs,990,Malik Rose,SAS,San Antonio,1610612759.0,Spurs,0,,,,,,19 - 24,5,,12:59 PM
97,1,2,107,0029900141,,,0:43,1,5,0,0,1065,Erick Strickland,DAL,Dallas,1610612742.0,Mavericks,0,,,,,,0,,,,,,,,MISS Strickland 18' Jump Shot,12:59 PM
98,0,4,108,0029900141,Rose REBOUND (Off:0 Def:1),,0:41,1,4,0,0,990,Malik Rose,SAS,San Antonio,1610612759.0,Spurs,0,,,,,,0,,,,,,,,,12:59 PM
99,1,2,110,0029900141,MISS Jackson 24' 3PT Jump Shot,,0:31,1,4,0,0,1114,Jaren Jackson,SAS,San Antonio,1610612759.0,Spurs,0,,,,,,0,,,,,,,,,12:59 PM
100,0,4,111,0029900141,,,0:29,1,5,0,0,762,Shawn Bradley,DAL,Dallas,1610612742.0,Mavericks,0,,,,,,0,,,,,,,,Bradley REBOUND (Off:0 Def:1),12:59 PM
101,5,1,112,0029900141,,,0:24,1,5,5,0,1065,Erick Strickland,DAL,Dallas,1610612742.0,Mavericks,123,Robert Pack,DAL,Dallas,1610612742.0,Mavericks,0,,,,,,21 - 24,3,Strickland 2' Layup (6 PTS) (Pack 3 AST),1:00 PM
102,1,2,113,0029900141,MISS Jackson  3PT Jump Shot,,0:03,1,4,0,0,1114,Jaren Jackson,SAS,San Antonio,1610612759.0,Spurs,0,,,,,,0,,,,,,,,,1:00 PM
103,0,4,115,0029900141,Rose REBOUND (Off:1 Def:1),,0:00,1,4,0,0,990,Malik Rose,SAS,San Antonio,1610612759.0,Spurs,0,,,,,,0,,,,,,,,,1:00 PM
104,5,1,116,0029900141,Rose 2' Layup (2 PTS),,0:00,1,4,0,0,990,Malik Rose,SAS,San Antonio,1610612759.0,Spurs,0,,,,,,0,,,,,,21 - 26,5,,1:00 PM
105,0,13,118,0029900141,,,0:00,1,0,0,0,0,,,,,,0,,,,,,0,,,,,,21 - 26,5,,1:00 PM
106,0,12,120,0029900141,,,12:00,2,0,0,0,0,,,,,,0,,,,,,0,,,,,,21 - 26,5,,1:03 PM
107,1,2,121,0029900141,,,11:42,2,5,0,0,1717,Dirk Nowitzki,DAL,Dallas,1610612742.0,Mavericks,0,,,,,,0,,,,,,,,MISS Nowitzki 12' Jump Shot,1:03 PM
108,0,4,122,0029900141,Porter REBOUND (Off:0 Def:1),,11:41,2,4,0,0,345,Terry Porter,SAS,San Antonio,1610612759.0,Spurs,0,,,,,,0,,,,,,,,,1:03 PM
109,8,1,123,0029900141,Duncan 2' Slam Dunk (4 PTS),,11:23,2,4,0,0,1495,Tim Duncan,SAS,San Antonio,1610612759.0,Spurs,0,,,,,,0,,,,,,21 - 28,7,,1:03 PM
110,1,1,124,0029900141,,,11:06,2,5,0,0,714,Michael Finley,DAL,Dallas,1610612742.0,Mavericks,0,,,,,,0,,,,,,23 - 28,5,Finley 7' Jump Shot (4 PTS),1:04 PM
111,1,2,125,0029900141,MISS Jackson 13' Jump Shot,,10:57,2,4,0,0,1114,Jaren Jackson,SAS,San Antonio,1610612759.0,Spurs,0,,,,,,0,,,,,,,,,1:04 PM
112,0,4,126,0029900141,Duncan REBOUND (Off:3 Def:2),,10:53,2,4,0,0,1495,Tim Duncan,SAS,San Antonio,1610612759.0,Spurs,0,,,,,,0,,,,,,,,,1:04 PM
113,5,2,127,0029900141,MISS Duncan 9' Layup,,10:52,2,4,0,5,1495,Tim Duncan,SAS,San Antonio,1610612759.0,Spurs,0,,,,,,762,Shawn Bradley,DAL,Dallas,1610612742.0,Mavericks,,,Bradley BLOCK (1 BLK),1:04 PM
114,0,4,128,0029900141,,,10:50,2,5,0,0,762,Shawn Bradley,DAL,Dallas,1610612742.0,Mavericks,0,,,,,,0,,,,,,,,Bradley REBOUND (Off:0 Def:2),1:04 PM
115,1,2,129,0029900141,,,10:34,2,5,0,0,762,Shawn Bradley,DAL,Dallas,1610612742.0,Mavericks,0,,,,,,0,,,,,,,,MISS Bradley 8' Jump Shot,1:04 PM
116,0,4,130,0029900141,Jackson REBOUND (Off:0 Def:2),,10:32,2,4,0,0,1114,Jaren Jackson,SAS,San Antonio,1610612759.0,Spurs,0,,,,,,0,,,,,,,,,1:04 PM
117,1,2,131,0029900141,MISS Kersey 19' Jump Shot,,10:18,2,4,0,0,760,Jerome Kersey,SAS,San Antonio,1610612759.0,Spurs,0,,,,,,0,,,,,,,,,1:04 PM
118,0,4,132,0029900141,,,10:16,2,5,0,0,762,Shawn Bradley,DAL,Dallas,1610612742.0,Mavericks,0,,,,,,0,,,,,,,,Bradley REBOUND (Off:0 Def:3),1:05 PM
119,2,6,133,0029900141,Rose S.FOUL (P1.T1),,10:13,2,4,0,1,990,Malik Rose,SAS,San Antonio,1610612759.0,Spurs,0,,,,,,0,,,,,,,,,1:05 PM
120,11,3,134,0029900141,,,10:13,2,5,0,0,714,Michael Finley,DAL,Dallas,1610612742.0,Mavericks,0,,,,,,0,,,,,,,,MISS Finley Free Throw 1 of 2,1:05 PM
121,1,4,136,0029900141,,,10:13,2,3,0,0,1610612742,,,,,,0,,,,,,0,,,,,,,,Mavericks Rebound,1:05 PM
122,12,3,137,0029900141,,,10:13,2,5,0,0,714,Michael Finley,DAL,Dallas,1610612742.0,Mavericks,0,,,,,,0,,,,,,24 - 28,4,Finley Free Throw 2 of 2 (5 PTS),1:05 PM
123,1,2,138,0029900141,MISS Porter 25' 3PT Jump Shot,,10:05,2,4,0,0,345,Terry Porter,SAS,San Antonio,1610612759.0,Spurs,0,,,,,,0,,,,,,,,,1:05 PM
124,0,4,139,0029900141,Porter REBOUND (Off:1 Def:1),,10:02,2,4,0,0,345,Terry Porter,SAS,San Antonio,1610612759.0,Spurs,0,,,,,,0,,,,,,,,,1:05 PM
125,1,2,140,0029900141,MISS Jackson 24' 3PT Jump Shot,,9:59,2,4,0,0,1114,Jaren Jackson,SAS,San Antonio,1610612759.0,Spurs,0,,,,,,0,,,,,,,,,1:06 PM
126,0,4,141,0029900141,,,9:59,2,3,0,0,1610612742,,,,,,0,,,,,,0,,,,,,,,Mavericks Rebound,1:06 PM
127,3,9,142,0029900141,,,9:59,2,1,0,0,0,,,,,,0,,,,,,0,,,,,,,,,1:06 PM
128,1,2,146,0029900141,,,9:41,2,5,0,0,1717,Dirk Nowitzki,DAL,Dallas,1610612742.0,Mavericks,0,,,,,,0,,,,,,,,MISS Nowitzki 8' Jump Shot,1:08 PM
129,0,4,147,0029900141,Rose REBOUND (Off:1 Def:2),,9:39,2,4,0,0,990,Malik Rose,SAS,San Antonio,1610612759.0,Spurs,0,,,,,,0,,,,,,,,,1:08 PM
130,1,1,148,0029900141,Porter 19' Jump Shot (2 PTS) (Rose 2 AST),,9:25,2,4,4,0,345,Terry Porter,SAS,San Antonio,1610612759.0,Spurs,990,Malik Rose,SAS,San Antonio,1610612759.0,Spurs,0,,,,,,24 - 30,6,,1:08 PM
131,1,5,149,0029900141,,,9:08,2,5,0,0,714,Michael Finley,DAL,Dallas,1610612742.0,Mavericks,0,,,,,,0,,,,,,,,Finley Bad Pass Turnover (P2.T4),1:08 PM
132,1,2,151,0029900141,MISS Porter 26' 3PT Jump Shot,,8:49,2,4,0,0,345,Terry Porter,SAS,San Antonio,1610612759.0,Spurs,0,,,,,,0,,,,,,,,,1:09 PM
133,0,4,152,0029900141,Rose REBOUND (Off:2 Def:2),,8:47,2,4,0,0,990,Malik Rose,SAS,San Antonio,1610612759.0,Spurs,0,,,,,,0,,,,,,,,,1:09 PM
134,1,2,153,0029900141,MISS Jackson 26' 3PT Jump Shot,,8:39,2,4,0,0,1114,Jaren Jackson,SAS,San Antonio,1610612759.0,Spurs,0,,,,,,0,,,,,,,,,1:09 PM
135,0,4,154,0029900141,Rose REBOUND (Off:3 Def:2),,8:37,2,4,0,0,990,Malik Rose,SAS,San Antonio,1610612759.0,Spurs,0,,,,,,0,,,,,,,,,1:09 PM
136,1,6,155,0029900141,,,8:37,2,5,0,1,714,Michael Finley,DAL,Dallas,1610612742.0,Mavericks,0,,,,,,0,,,,,,,,Finley P.FOUL (P1.T1),1:10 PM
137,1,2,156,0029900141,MISS Rose 17' Jump Shot,,8:25,2,4,0,0,990,Malik Rose,SAS,San Antonio,1610612759.0,Spurs,0,,,,,,0,,,,,,,,,1:10 PM
138,0,4,157,0029900141,,,8:22,2,5,0,0,1065,Erick Strickland,DAL,Dallas,1610612742.0,Mavericks,0,,,,,,0,,,,,,,,Strickland REBOUND (Off:0 Def:4),1:10 PM
139,8,1,158,0029900141,,,8:20,2,5,5,0,1717,Dirk Nowitzki,DAL,Dallas,1610612742.0,Mavericks,1065,Erick Strickland,DAL,Dallas,1610612742.0,Mavericks,0,,,,,,26 - 30,4,Nowitzki 1' Slam Dunk (7 PTS) (Strickland 1 AST),1:10 PM
140,1,1,159,0029900141,Jackson 25' 3PT Jump Shot (6 PTS),,8:07,2,4,0,0,1114,Jaren Jackson,SAS,San Antonio,1610612759.0,Spurs,0,,,,,,0,,,,,,26 - 33,7,,1:10 PM
141,1,2,160,0029900141,,,7:58,2,5,0,0,93,Hubert Davis,DAL,Dallas,1610612742.0,Mavericks,0,,,,,,0,,,,,,,,MISS Davis 24' 3PT Jump Shot,1:10 PM
142,0,4,161,0029900141,Kersey REBOUND (Off:0 Def:1),,7:56,2,4,0,0,760,Jerome Kersey,SAS,San Antonio,1610612759.0,Spurs,0,,,,,,0,,,,,,,,,1:11 PM
143,4,6,162,0029900141,Duncan OFF.Foul (P2),,7:52,2,4,5,1,1495,Tim Duncan,SAS,San Antonio,1610612759.0,Spurs,762,Shawn Bradley,DAL,Dallas,1610612742.0,Mavericks,0,,,,,,,,,1:11 PM
144,5,5,163,0029900141,Duncan Foul Turnover (P2.T4),,7:52,2,4,0,0,1495,Tim Duncan,SAS,San Antonio,1610612759.0,Spurs,0,,,,,,0,,,,,,,,,1:11 PM
145,8,1,164,0029900141,,,7:38,2,5,5,0,714,Michael Finley,DAL,Dallas,1610612742.0,Mavericks,1717,Dirk Nowitzki,DAL,Dallas,1610612742.0,Mavericks,0,,,,,,28 - 33,5,Finley 3' Slam Dunk (7 PTS) (Nowitzki 2 AST),1:11 PM
146,1,5,165,0029900141,Porter Bad Pass Turnover (P1.T5),,7:21,2,4,5,0,345,Terry Porter,SAS,San Antonio,1610612759.0,Spurs,762,Shawn Bradley,DAL,Dallas,1610612742.0,Mavericks,0,,,,,,,,Bradley STEAL (1 STL),1:11 PM
147,1,2,166,0029900141,,,7:07,2,5,0,0,714,Michael Finley,DAL,Dallas,1610612742.0,Mavericks,0,,,,,,0,,,,,,,,MISS Finley 18' Jump Shot,1:12 PM
148,0,4,167,0029900141,Porter REBOUND (Off:1 Def:2),,7:05,2,4,0,0,345,Terry Porter,SAS,San Antonio,1610612759.0,Spurs,0,,,,,,0,,,,,,,,,1:12 PM
149,1,1,168,0029900141,Kersey 16' Jump Shot (4 PTS) (Porter 1 AST),,6:59,2,4,4,0,760,Jerome Kersey,SAS,San Antonio,1610612759.0,Spurs,345,Terry Porter,SAS,San Antonio,1610612759.0,Spurs,0,,,,,,28 - 35,7,,1:12 PM
150,1,2,169,0029900141,,,6:41,2,5,0,0,762,Shawn Bradley,DAL,Dallas,1610612742.0,Mavericks,0,,,,,,0,,,,,,,,MISS Bradley 18' Jump Shot,1:12 PM
151,0,4,170,0029900141,Duncan REBOUND (Off:3 Def:3),,6:39,2,4,0,0,1495,Tim Duncan,SAS,San Antonio,1610612759.0,Spurs,0,,,,,,0,,,,,,,,,1:12 PM
152,1,2,171,0029900141,MISS Duncan 4' Jump Shot,,6:21,2,4,0,5,1495,Tim Duncan,SAS,San Antonio,1610612759.0,Spurs,0,,,,,,762,Shawn Bradley,DAL,Dallas,1610612742.0,Mavericks,,,Bradley BLOCK (2 BLK),1:13 PM
153,0,4,172,0029900141,,,6:16,2,5,0,0,1717,Dirk Nowitzki,DAL,Dallas,1610612742.0,Mavericks,0,,,,,,0,,,,,,,,Nowitzki REBOUND (Off:3 Def:3),1:13 PM
154,1,2,173,0029900141,Porter BLOCK (1 BLK),,6:14,2,5,0,4,714,Michael Finley,DAL,Dallas,1610612742.0,Mavericks,0,,,,,,345,Terry Porter,SAS,San Antonio,1610612759.0,Spurs,,,MISS Finley 6' Jump Shot,1:13 PM
155,0,4,174,0029900141,Porter REBOUND (Off:1 Def:3),,6:11,2,4,0,0,345,Terry Porter,SAS,San Antonio,1610612759.0,Spurs,0,,,,,,0,,,,,,,,,1:13 PM
156,1,2,175,0029900141,MISS Kersey 18' Jump Shot,,6:06,2,4,0,0,760,Jerome Kersey,SAS,San Antonio,1610612759.0,Spurs,0,,,,,,0,,,,,,,,,1:13 PM
157,0,4,176,0029900141,,,6:03,2,5,0,0,1717,Dirk Nowitzki,DAL,Dallas,1610612742.0,Mavericks,0,,,,,,0,,,,,,,,Nowitzki REBOUND (Off:3 Def:4),1:13 PM
158,1,6,177,0029900141,Rose P.FOUL (P2.T2),,5:53,2,4,0,1,990,Malik Rose,SAS,San Antonio,1610612759.0,Spurs,0,,,,,,0,,,,,,,,,1:13 PM
159,1,9,178,0029900141,SPURS Timeout: Regular (Full 2 Short 0),,5:53,2,2,0,0,1610612759,,,,,,0,,,,,,0,,,,,,,,,1:13 PM
160,0,8,180,0029900141,SUB: Johnson FOR Jackson,,5:53,2,4,4,0,1114,Jaren Jackson,SAS,San Antonio,1610612759.0,Spurs,422,Avery Johnson,SAS,San Antonio,1610612759.0,Spurs,0,,,,,,,,,1:15 PM
161,0,8,181,0029900141,,,5:53,2,5,5,0,1717,Dirk Nowitzki,DAL,Dallas,1610612742.0,Mavericks,123,Robert Pack,DAL,Dallas,1610612742.0,Mavericks,0,,,,,,,,SUB: Pack FOR Nowitzki,1:15 PM
162,0,8,182,0029900141,,,5:53,2,5,5,0,1065,Erick Strickland,DAL,Dallas,1610612742.0,Mavericks,399,Sean Rooks,DAL,Dallas,1610612742.0,Mavericks,0,,,,,,,,SUB: Rooks FOR Strickland,1:15 PM
163,0,8,190,0029900141,SUB: Robinson FOR Rose,,5:53,2,4,4,0,990,Malik Rose,SAS,San Antonio,1610612759.0,Spurs,764,David Robinson,SAS,San Antonio,1610612759.0,Spurs,0,,,,,,,,,1:15 PM
164,11,5,183,0029900141,,,5:38,2,3,0,0,1610612742,,,,,,0,,,,,,0,,,,,,,,Mavericks Turnover: Shot Clock (T#5),1:16 PM
165,5,2,203,0029900141,MISS Duncan 6' Layup,,5:12,2,4,0,0,1495,Tim Duncan,SAS,San Antonio,1610612759.0,Spurs,0,,,,,,0,,,,,,,,,1:16 PM
166,0,4,185,0029900141,Duncan REBOUND (Off:4 Def:3),,5:12,2,4,0,0,1495,Tim Duncan,SAS,San Antonio,1610612759.0,Spurs,0,,,,,,0,,,,,,,,,1:16 PM
167,1,2,186,0029900141,MISS Porter 20' Jump Shot,,5:08,2,4,0,0,345,Terry Porter,SAS,San Antonio,1610612759.0,Spurs,0,,,,,,0,,,,,,,,,1:16 PM
168,0,4,187,0029900141,,,5:05,2,5,0,0,762,Shawn Bradley,DAL,Dallas,1610612742.0,Mavericks,0,,,,,,0,,,,,,,,Bradley REBOUND (Off:0 Def:4),1:16 PM
169,1,6,188,0029900141,Johnson P.FOUL (P1.T3),,4:55,2,4,0,1,422,Avery Johnson,SAS,San Antonio,1610612759.0,Spurs,0,,,,,,0,,,,,,,,,1:17 PM
170,1,1,189,0029900141,,,4:40,2,5,0,0,714,Michael Finley,DAL,Dallas,1610612742.0,Mavericks,0,,,,,,0,,,,,,30 - 35,5,Finley 10' Jump Shot (9 PTS),1:17 PM
171,1,6,191,0029900141,,,4:23,2,5,0,1,399,Sean Rooks,DAL,Dallas,1610612742.0,Mavericks,0,,,,,,0,,,,,,,,Rooks P.FOUL (P1.T2),1:17 PM
172,0,8,192,0029900141,SUB: Elie FOR Porter,,4:23,2,4,4,0,345,Terry Porter,SAS,San Antonio,1610612759.0,Spurs,53,Mario Elie,SAS,San Antonio,1610612759.0,Spurs,0,,,,,,,,,1:17 PM
173,0,8,193,0029900141,SUB: Jackson FOR Kersey,,4:23,2,4,4,0,760,Jerome Kersey,SAS,San Antonio,1610612759.0,Spurs,1114,Jaren Jackson,SAS,San Antonio,1610612759.0,Spurs,0,,,,,,,,,1:18 PM
174,1,5,194,0029900141,Jackson Bad Pass Turnover (P1.T6),,4:20,2,4,5,0,1114,Jaren Jackson,SAS,San Antonio,1610612759.0,Spurs,123,Robert Pack,DAL,Dallas,1610612742.0,Mavericks,0,,,,,,,,Pack STEAL (2 STL),1:18 PM
175,1,6,195,0029900141,Johnson P.FOUL (P2.T4),,4:20,2,4,0,1,422,Avery Johnson,SAS,San Antonio,1610612759.0,Spurs,0,,,,,,0,,,,,,,,,1:19 PM
176,1,1,196,0029900141,,,4:15,2,5,0,0,123,Robert Pack,DAL,Dallas,1610612742.0,Mavericks,0,,,,,,0,,,,,,32 - 35,3,Pack 4' Jump Shot (4 PTS),1:19 PM
177,1,2,198,0029900141,MISS Johnson 5' Jump Shot,,4:09,2,4,0,0,422,Avery Johnson,SAS,San Antonio,1610612759.0,Spurs,0,,,,,,0,,,,,,,,,1:19 PM
178,0,4,199,0029900141,,,4:07,2,5,0,0,762,Shawn Bradley,DAL,Dallas,1610612742.0,Mavericks,0,,,,,,0,,,,,,,,Bradley REBOUND (Off:0 Def:5),1:19 PM
179,1,2,200,0029900141,,,4:00,2,5,0,0,93,Hubert Davis,DAL,Dallas,1610612742.0,Mavericks,0,,,,,,0,,,,,,,,MISS Davis 17' Jump Shot,1:19 PM
180,0,4,201,0029900141,Robinson REBOUND (Off:3 Def:2),,3:59,2,4,0,0,764,David Robinson,SAS,San Antonio,1610612759.0,Spurs,0,,,,,,0,,,,,,,,,1:19 PM
181,1,1,202,0029900141,Jackson 24' 3PT Jump Shot (9 PTS) (Johnson 5 AST),,3:42,2,4,4,0,1114,Jaren Jackson,SAS,San Antonio,1610612759.0,Spurs,422,Avery Johnson,SAS,San Antonio,1610612759.0,Spurs,0,,,,,,32 - 38,6,,1:20 PM
182,1,5,204,0029900141,Johnson STEAL (2 STL),,3:25,2,5,4,0,123,Robert Pack,DAL,Dallas,1610612742.0,Mavericks,422,Avery Johnson,SAS,San Antonio,1610612759.0,Spurs,0,,,,,,,,Pack Bad Pass Turnover (P2.T6),1:20 PM
183,1,2,205,0029900141,MISS Jackson 15' Jump Shot,,3:21,2,4,0,0,1114,Jaren Jackson,SAS,San Antonio,1610612759.0,Spurs,0,,,,,,0,,,,,,,,,1:20 PM
184,0,4,206,0029900141,,,3:18,2,5,0,0,714,Michael Finley,DAL,Dallas,1610612742.0,Mavericks,0,,,,,,0,,,,,,,,Finley REBOUND (Off:2 Def:2),1:20 PM
185,1,2,208,0029900141,,,2:59,2,5,0,0,714,Michael Finley,DAL,Dallas,1610612742.0,Mavericks,0,,,,,,0,,,,,,,,MISS Finley 16' Jump Shot,1:20 PM
186,0,4,209,0029900141,Duncan REBOUND (Off:4 Def:4),,2:57,2,4,0,0,1495,Tim Duncan,SAS,San Antonio,1610612759.0,Spurs,0,,,,,,0,,,,,,,,,1:20 PM
187,5,1,210,0029900141,Johnson 3' Layup (4 PTS),,2:52,2,4,0,0,422,Avery Johnson,SAS,San Antonio,1610612759.0,Spurs,0,,,,,,0,,,,,,32 - 40,8,,1:21 PM
188,1,9,211,0029900141,,,2:48,2,3,0,0,1610612742,,,,,,0,,,,,,0,,,,,,,,Mavericks Timeout: Regular (Reg.2 Short 0),1:21 PM
189,0,8,213,0029900141,,,2:48,2,5,5,0,714,Michael Finley,DAL,Dallas,1610612742.0,Mavericks,1065,Erick Strickland,DAL,Dallas,1610612742.0,Mavericks,0,,,,,,,,SUB: Strickland FOR Finley,1:23 PM
190,0,8,214,0029900141,,,2:48,2,5,5,0,762,Shawn Bradley,DAL,Dallas,1610612742.0,Mavericks,1717,Dirk Nowitzki,DAL,Dallas,1610612742.0,Mavericks,0,,,,,,,,SUB: Nowitzki FOR Bradley,1:23 PM
191,1,2,216,0029900141,,,2:33,2,5,0,0,399,Sean Rooks,DAL,Dallas,1610612742.0,Mavericks,0,,,,,,0,,,,,,,,MISS Rooks 3' Jump Shot,1:23 PM
192,0,4,217,0029900141,Duncan REBOUND (Off:4 Def:5),,2:31,2,4,0,0,1495,Tim Duncan,SAS,San Antonio,1610612759.0,Spurs,0,,,,,,0,,,,,,,,,1:23 PM
193,1,1,218,0029900141,Jackson 19' Jump Shot (11 PTS) (Duncan 2 AST),,2:25,2,4,4,0,1114,Jaren Jackson,SAS,San Antonio,1610612759.0,Spurs,1495,Tim Duncan,SAS,San Antonio,1610612759.0,Spurs,0,,,,,,32 - 42,10,,1:23 PM
194,1,2,219,0029900141,Duncan BLOCK (1 BLK),,2:09,2,5,0,4,1717,Dirk Nowitzki,DAL,Dallas,1610612742.0,Mavericks,0,,,,,,1495,Tim Duncan,SAS,San Antonio,1610612759.0,Spurs,,,MISS Nowitzki 6' Jump Shot,1:24 PM
195,0,4,220,0029900141,Jackson REBOUND (Off:0 Def:3),,2:04,2,4,0,0,1114,Jaren Jackson,SAS,San Antonio,1610612759.0,Spurs,0,,,,,,0,,,,,,,,,1:24 PM
196,5,1,221,0029900141,Duncan 2' Layup (6 PTS) (Jackson 1 AST),,2:02,2,4,4,0,1495,Tim Duncan,SAS,San Antonio,1610612759.0,Spurs,1114,Jaren Jackson,SAS,San Antonio,1610612759.0,Spurs,0,,,,,,32 - 44,12,,1:24 PM
197,1,9,223,0029900141,,,1:59,2,3,0,0,1610612742,,,,,,0,,,,,,0,,,,,,,,Mavericks Timeout: Regular (Reg.3 Short 0),1:24 PM
198,11,6,224,0029900141,,,1:59,2,7,0,1,1483,,,,,,0,,,,,,0,,,,,,,,,1:25 PM
199,0,8,225,0029900141,SUB: Walker FOR Duncan,,1:59,2,4,4,0,1495,Tim Duncan,SAS,San Antonio,1610612759.0,Spurs,955,Samaki Walker,SAS,San Antonio,1610612759.0,Spurs,0,,,,,,,,,1:26 PM
200,16,3,226,0029900141,Elie Free Throw Technical (5 PTS),,1:59,2,4,0,0,53,Mario Elie,SAS,San Antonio,1610612759.0,Spurs,0,,,,,,0,,,,,,32 - 45,13,,1:26 PM
201,2,6,229,0029900141,Jackson S.FOUL (P1.PN),,1:43,2,4,0,1,1114,Jaren Jackson,SAS,San Antonio,1610612759.0,Spurs,0,,,,,,0,,,,,,,,,1:27 PM
202,11,3,231,0029900141,,,1:43,2,5,0,0,1065,Erick Strickland,DAL,Dallas,1610612742.0,Mavericks,0,,,,,,0,,,,,,33 - 45,12,Strickland Free Throw 1 of 2 (7 PTS),1:27 PM
203,12,3,232,0029900141,,,1:43,2,5,0,0,1065,Erick Strickland,DAL,Dallas,1610612742.0,Mavericks,0,,,,,,0,,,,,,34 - 45,11,Strickland Free Throw 2 of 2 (8 PTS),1:27 PM
204,1,1,233,0029900141,Jackson  3PT Jump Shot (14 PTS) (Elie 1 AST),,1:25,2,4,4,0,1114,Jaren Jackson,SAS,San Antonio,1610612759.0,Spurs,53,Mario Elie,SAS,San Antonio,1610612759.0,Spurs,0,,,,,,34 - 48,14,,1:27 PM
205,1,2,234,0029900141,Robinson BLOCK (2 BLK),,1:09,2,5,0,4,399,Sean Rooks,DAL,Dallas,1610612742.0,Mavericks,0,,,,,,764,David Robinson,SAS,San Antonio,1610612759.0,Spurs,,,MISS Rooks 18' Jump Shot,1:28 PM
206,0,4,235,0029900141,Walker REBOUND (Off:0 Def:1),,1:05,2,4,0,0,955,Samaki Walker,SAS,San Antonio,1610612759.0,Spurs,0,,,,,,0,,,,,,,,,1:28 PM
207,1,2,236,0029900141,MISS Elie 26' 3PT Jump Shot,,0:52,2,4,0,0,53,Mario Elie,SAS,San Antonio,1610612759.0,Spurs,0,,,,,,0,,,,,,,,,1:28 PM
208,0,4,237,0029900141,,,0:50,2,5,0,0,1065,Erick Strickland,DAL,Dallas,1610612742.0,Mavericks,0,,,,,,0,,,,,,,,Strickland REBOUND (Off:0 Def:5),1:28 PM
209,2,6,238,0029900141,Johnson S.FOUL (P3.PN),,0:45,2,4,0,1,422,Avery Johnson,SAS,San Antonio,1610612759.0,Spurs,0,,,,,,0,,,,,,,,,1:28 PM
210,11,3,239,0029900141,,,0:45,2,5,0,0,1065,Erick Strickland,DAL,Dallas,1610612742.0,Mavericks,0,,,,,,0,,,,,,35 - 48,13,Strickland Free Throw 1 of 2 (9 PTS),1:28 PM
211,0,8,240,0029900141,SUB: Porter FOR Johnson,,0:45,2,4,4,0,422,Avery Johnson,SAS,San Antonio,1610612759.0,Spurs,345,Terry Porter,SAS,San Antonio,1610612759.0,Spurs,0,,,,,,,,,1:29 PM
212,0,8,241,0029900141,,,0:45,2,5,5,0,399,Sean Rooks,DAL,Dallas,1610612742.0,Mavericks,762,Shawn Bradley,DAL,Dallas,1610612742.0,Mavericks,0,,,,,,,,SUB: Bradley FOR Rooks,1:29 PM
213,12,3,242,0029900141,,,0:45,2,5,0,0,1065,Erick Strickland,DAL,Dallas,1610612742.0,Mavericks,0,,,,,,0,,,,,,36 - 48,12,Strickland Free Throw 2 of 2 (10 PTS),1:29 PM
214,1,2,243,0029900141,MISS Porter 4' Jump Shot,,0:36,2,4,0,0,345,Terry Porter,SAS,San Antonio,1610612759.0,Spurs,0,,,,,,0,,,,,,,,,1:29 PM
215,0,4,244,0029900141,,,0:34,2,5,0,0,1717,Dirk Nowitzki,DAL,Dallas,1610612742.0,Mavericks,0,,,,,,0,,,,,,,,Nowitzki REBOUND (Off:3 Def:5),1:29 PM
216,5,2,245,0029900141,,,0:31,2,5,0,0,123,Robert Pack,DAL,Dallas,1610612742.0,Mavericks,0,,,,,,0,,,,,,,,MISS Pack 2' Layup,1:29 PM
217,0,4,246,0029900141,Elie REBOUND (Off:1 Def:2),,0:29,2,4,0,0,53,Mario Elie,SAS,San Antonio,1610612759.0,Spurs,0,,,,,,0,,,,,,,,,1:29 PM
218,1,2,247,0029900141,MISS Jackson 24' 3PT Jump Shot,,0:24,2,4,0,0,1114,Jaren Jackson,SAS,San Antonio,1610612759.0,Spurs,0,,,,,,0,,,,,,,,,1:29 PM
219,0,4,248,0029900141,SPURS Rebound,,0:22,2,2,0,0,1610612759,,,,,,0,,,,,,0,,,,,,,,,1:29 PM
220,2,9,249,0029900141,SPURS Timeout: Short (Full 2 Short 1),,0:22,2,2,0,0,1610612759,,,,,,0,,,,,,0,,,,,,,,,1:30 PM
221,1,2,251,0029900141,MISS Jackson  3PT Jump Shot,,0:03,2,4,0,0,1114,Jaren Jackson,SAS,San Antonio,1610612759.0,Spurs,0,,,,,,0,,,,,,,,,1:31 PM
222,0,4,252,0029900141,,,0:00,2,5,0,0,762,Shawn Bradley,DAL,Dallas,1610612742.0,Mavericks,0,,,,,,0,,,,,,,,Bradley REBOUND (Off:0 Def:6),1:31 PM
223,0,13,253,0029900141,,,0:00,2,0,0,0,0,,,,,,0,,,,,,0,,,,,,36 - 48,12,,1:31 PM
224,0,12,255,0029900141,,,12:00,3,0,0,0,0,,,,,,0,,,,,,0,,,,,,36 - 48,12,,1:48 PM
225,1,2,256,0029900141,,,11:46,3,5,0,0,123,Robert Pack,DAL,Dallas,1610612742.0,Mavericks,0,,,,,,0,,,,,,,,MISS Pack 4' Jump Shot,1:48 PM
226,0,4,257,0029900141,Elie REBOUND (Off:1 Def:3),,11:44,3,4,0,0,53,Mario Elie,SAS,San Antonio,1610612759.0,Spurs,0,,,,,,0,,,,,,,,,1:48 PM
227,1,1,258,0029900141,Johnson 4' Jump Shot (6 PTS),,11:29,3,4,0,0,422,Avery Johnson,SAS,San Antonio,1610612759.0,Spurs,0,,,,,,0,,,,,,36 - 50,14,,1:48 PM
228,1,2,259,0029900141,,,11:21,3,5,0,0,1065,Erick Strickland,DAL,Dallas,1610612742.0,Mavericks,0,,,,,,0,,,,,,,,MISS Strickland 21' Jump Shot,1:48 PM
229,0,4,260,0029900141,Elie REBOUND (Off:1 Def:4),,11:18,3,4,0,0,53,Mario Elie,SAS,San Antonio,1610612759.0,Spurs,0,,,,,,0,,,,,,,,,1:48 PM
230,1,2,261,0029900141,MISS Elie 22' Jump Shot,,11:05,3,4,0,0,53,Mario Elie,SAS,San Antonio,1610612759.0,Spurs,0,,,,,,0,,,,,,,,,1:48 PM
231,0,4,262,0029900141,,,11:03,3,5,0,0,123,Robert Pack,DAL,Dallas,1610612742.0,Mavericks,0,,,,,,0,,,,,,,,Pack REBOUND (Off:0 Def:1),1:48 PM
232,5,1,263,0029900141,,,10:57,3,5,5,0,1717,Dirk Nowitzki,DAL,Dallas,1610612742.0,Mavericks,714,Michael Finley,DAL,Dallas,1610612742.0,Mavericks,0,,,,,,38 - 50,12,Nowitzki 3' Layup (9 PTS) (Finley 2 AST),1:49 PM
233,2,6,264,0029900141,Duncan S.FOUL (P3.T1),,10:57,3,4,0,1,1495,Tim Duncan,SAS,San Antonio,1610612759.0,Spurs,0,,,,,,0,,,,,,,,,1:49 PM
234,10,3,265,0029900141,,,10:57,3,5,0,0,1717,Dirk Nowitzki,DAL,Dallas,1610612742.0,Mavericks,0,,,,,,0,,,,,,,,MISS Nowitzki Free Throw 1 of 1,1:49 PM
235,0,4,266,0029900141,Robinson REBOUND (Off:3 Def:3),,10:56,3,4,0,0,764,David Robinson,SAS,San Antonio,1610612759.0,Spurs,0,,,,,,0,,,,,,,,,1:49 PM
236,1,2,267,0029900141,MISS Johnson 16' Jump Shot,,10:36,3,4,0,0,422,Avery Johnson,SAS,San Antonio,1610612759.0,Spurs,0,,,,,,0,,,,,,,,,1:49 PM
237,0,4,268,0029900141,,,10:34,3,5,0,0,1717,Dirk Nowitzki,DAL,Dallas,1610612742.0,Mavericks,0,,,,,,0,,,,,,,,Nowitzki REBOUND (Off:3 Def:6),1:49 PM
238,1,2,269,0029900141,,,10:19,3,5,0,0,1717,Dirk Nowitzki,DAL,Dallas,1610612742.0,Mavericks,0,,,,,,0,,,,,,,,MISS Nowitzki 16' Jump Shot,1:50 PM
239,0,4,270,0029900141,Elie REBOUND (Off:1 Def:5),,10:17,3,4,0,0,53,Mario Elie,SAS,San Antonio,1610612759.0,Spurs,0,,,,,,0,,,,,,,,,1:50 PM
240,1,2,271,0029900141,MISS Brown 18' Jump Shot,,10:11,3,4,0,0,359,Chucky Brown,SAS,San Antonio,1610612759.0,Spurs,0,,,,,,0,,,,,,,,,1:50 PM
241,0,4,272,0029900141,Robinson REBOUND (Off:4 Def:3),,10:08,3,4,0,0,764,David Robinson,SAS,San Antonio,1610612759.0,Spurs,0,,,,,,0,,,,,,,,,1:50 PM
242,1,1,273,0029900141,Duncan 9' Jump Shot (8 PTS) (Johnson 6 AST),,10:01,3,4,4,0,1495,Tim Duncan,SAS,San Antonio,1610612759.0,Spurs,422,Avery Johnson,SAS,San Antonio,1610612759.0,Spurs,0,,,,,,38 - 52,14,,1:50 PM
243,1,5,275,0029900141,Brown STEAL (1 STL),,9:51,3,5,4,0,1065,Erick Strickland,DAL,Dallas,1610612742.0,Mavericks,359,Chucky Brown,SAS,San Antonio,1610612759.0,Spurs,0,,,,,,,,Strickland Bad Pass Turnover (P2.T7),1:50 PM
244,5,1,276,0029900141,Brown 3' Layup (8 PTS),,9:46,3,4,0,0,359,Chucky Brown,SAS,San Antonio,1610612759.0,Spurs,0,,,,,,0,,,,,,38 - 54,16,,1:50 PM
245,1,9,277,0029900141,,,9:44,3,3,0,0,1610612742,,,,,,0,,,,,,0,,,,,,,,Mavericks Timeout: Regular (Reg.4 Short 0),1:50 PM
246,1,2,279,0029900141,,,9:32,3,5,0,0,123,Robert Pack,DAL,Dallas,1610612742.0,Mavericks,0,,,,,,0,,,,,,,,MISS Pack 19' Jump Shot,1:52 PM
247,0,4,280,0029900141,,,9:30,3,5,0,0,1717,Dirk Nowitzki,DAL,Dallas,1610612742.0,Mavericks,0,,,,,,0,,,,,,,,Nowitzki REBOUND (Off:4 Def:6),1:52 PM
248,0,8,281,0029900141,,,9:30,3,5,5,0,1065,Erick Strickland,DAL,Dallas,1610612742.0,Mavericks,93,Hubert Davis,DAL,Dallas,1610612742.0,Mavericks,0,,,,,,,,SUB: Davis FOR Strickland,1:53 PM
249,5,1,282,0029900141,,,9:27,3,5,5,0,714,Michael Finley,DAL,Dallas,1610612742.0,Mavericks,762,Shawn Bradley,DAL,Dallas,1610612742.0,Mavericks,0,,,,,,40 - 54,14,Finley 2' Layup (11 PTS) (Bradley 1 AST),1:53 PM
250,2,6,283,0029900141,Brown S.FOUL (P1.T2),,9:27,3,4,0,1,359,Chucky Brown,SAS,San Antonio,1610612759.0,Spurs,0,,,,,,0,,,,,,,,,1:53 PM
251,10,3,284,0029900141,,,9:27,3,5,0,0,714,Michael Finley,DAL,Dallas,1610612742.0,Mavericks,0,,,,,,0,,,,,,,,MISS Finley Free Throw 1 of 1,1:53 PM
252,0,4,285,0029900141,Duncan REBOUND (Off:4 Def:6),,9:26,3,4,0,0,1495,Tim Duncan,SAS,San Antonio,1610612759.0,Spurs,0,,,,,,0,,,,,,,,,1:54 PM
253,1,1,287,0029900141,Johnson 14' Jump Shot (8 PTS) (Elie 2 AST),,9:10,3,4,4,0,422,Avery Johnson,SAS,San Antonio,1610612759.0,Spurs,53,Mario Elie,SAS,San Antonio,1610612759.0,Spurs,0,,,,,,40 - 56,16,,1:54 PM
254,1,2,288,0029900141,Robinson BLOCK (3 BLK),,8:56,3,5,0,4,762,Shawn Bradley,DAL,Dallas,1610612742.0,Mavericks,0,,,,,,764,David Robinson,SAS,San Antonio,1610612759.0,Spurs,,,MISS Bradley 9' Jump Shot,1:54 PM
255,0,4,289,0029900141,Duncan REBOUND (Off:4 Def:7),,8:51,3,4,0,0,1495,Tim Duncan,SAS,San Antonio,1610612759.0,Spurs,0,,,,,,0,,,,,,,,,1:54 PM
256,1,1,290,0029900141,Brown 4' Jump Shot (10 PTS) (Johnson 7 AST),,8:48,3,4,4,0,359,Chucky Brown,SAS,San Antonio,1610612759.0,Spurs,422,Avery Johnson,SAS,San Antonio,1610612759.0,Spurs,0,,,,,,40 - 58,18,,1:54 PM
257,1,2,291,0029900141,,,8:27,3,5,0,0,1717,Dirk Nowitzki,DAL,Dallas,1610612742.0,Mavericks,0,,,,,,0,,,,,,,,MISS Nowitzki 15' Jump Shot,1:55 PM
258,0,4,292,0029900141,,,8:24,3,5,0,0,714,Michael Finley,DAL,Dallas,1610612742.0,Mavericks,0,,,,,,0,,,,,,,,Finley REBOUND (Off:3 Def:2),1:55 PM
259,1,2,293,0029900141,Robinson BLOCK (4 BLK),,8:13,3,5,0,4,1717,Dirk Nowitzki,DAL,Dallas,1610612742.0,Mavericks,0,,,,,,764,David Robinson,SAS,San Antonio,1610612759.0,Spurs,,,MISS Nowitzki 7' Jump Shot,1:55 PM
260,0,4,294,0029900141,Elie REBOUND (Off:1 Def:6),,8:10,3,4,0,0,53,Mario Elie,SAS,San Antonio,1610612759.0,Spurs,0,,,,,,0,,,,,,,,,1:55 PM
261,1,1,295,0029900141,Brown 16' Jump Shot (12 PTS) (Elie 3 AST),,8:05,3,4,4,0,359,Chucky Brown,SAS,San Antonio,1610612759.0,Spurs,53,Mario Elie,SAS,San Antonio,1610612759.0,Spurs,0,,,,,,40 - 60,20,,1:55 PM
262,1,2,296,0029900141,,,7:45,3,5,0,0,762,Shawn Bradley,DAL,Dallas,1610612742.0,Mavericks,0,,,,,,0,,,,,,,,MISS Bradley 18' Jump Shot,1:55 PM
263,0,4,297,0029900141,SPURS Rebound,,7:44,3,2,0,0,1610612759,,,,,,0,,,,,,0,,,,,,,,,1:55 PM
264,1,1,298,0029900141,Johnson 11' Jump Shot (10 PTS),,7:30,3,4,0,0,422,Avery Johnson,SAS,San Antonio,1610612759.0,Spurs,0,,,,,,0,,,,,,40 - 62,22,,1:56 PM
265,1,1,299,0029900141,,,7:18,3,5,5,0,714,Michael Finley,DAL,Dallas,1610612742.0,Mavericks,123,Robert Pack,DAL,Dallas,1610612742.0,Mavericks,0,,,,,,42 - 62,20,Finley 16' Jump Shot (13 PTS) (Pack 4 AST),1:56 PM
266,1,5,300,0029900141,Elie Bad Pass Turnover (P2.T7),,7:04,3,4,0,0,53,Mario Elie,SAS,San Antonio,1610612759.0,Spurs,0,,,,,,0,,,,,,,,,1:56 PM
267,0,8,301,0029900141,,,7:03,3,5,5,0,1717,Dirk Nowitzki,DAL,Dallas,1610612742.0,Mavericks,399,Sean Rooks,DAL,Dallas,1610612742.0,Mavericks,0,,,,,,,,SUB: Rooks FOR Nowitzki,1:56 PM
268,1,1,302,0029900141,,,6:45,3,5,5,0,762,Shawn Bradley,DAL,Dallas,1610612742.0,Mavericks,93,Hubert Davis,DAL,Dallas,1610612742.0,Mavericks,0,,,,,,44 - 62,18,Bradley 14' Jump Shot (8 PTS) (Davis 1 AST),1:57 PM
269,1,9,303,0029900141,SPURS Timeout: Regular (Full 3 Short 1),,6:37,3,2,0,0,1610612759,,,,,,0,,,,,,0,,,,,,,,,1:57 PM
270,1,1,305,0029900141,Brown 16' Jump Shot (14 PTS) (Johnson 8 AST),,6:23,3,4,4,0,359,Chucky Brown,SAS,San Antonio,1610612759.0,Spurs,422,Avery Johnson,SAS,San Antonio,1610612759.0,Spurs,0,,,,,,44 - 64,20,,1:59 PM
271,1,2,306,0029900141,,,5:59,3,5,0,0,714,Michael Finley,DAL,Dallas,1610612742.0,Mavericks,0,,,,,,0,,,,,,,,MISS Finley 15' Jump Shot,1:59 PM
272,0,4,307,0029900141,,,5:57,3,5,0,0,762,Shawn Bradley,DAL,Dallas,1610612742.0,Mavericks,0,,,,,,0,,,,,,,,Bradley REBOUND (Off:1 Def:6),2:00 PM
273,3,1,308,0029900141,,,5:50,3,5,0,0,762,Shawn Bradley,DAL,Dallas,1610612742.0,Mavericks,0,,,,,,0,,,,,,46 - 64,18,Bradley 7' Hook Shot (10 PTS),2:00 PM
274,1,2,309,0029900141,MISS Brown 25' 3PT Jump Shot,,5:25,3,4,0,0,359,Chucky Brown,SAS,San Antonio,1610612759.0,Spurs,0,,,,,,0,,,,,,,,,2:00 PM
275,0,4,310,0029900141,,,5:23,3,5,0,0,714,Michael Finley,DAL,Dallas,1610612742.0,Mavericks,0,,,,,,0,,,,,,,,Finley REBOUND (Off:3 Def:3),2:00 PM
276,1,2,311,0029900141,,,5:08,3,5,0,0,714,Michael Finley,DAL,Dallas,1610612742.0,Mavericks,0,,,,,,0,,,,,,,,MISS Finley 9' Jump Shot,2:01 PM
277,0,4,312,0029900141,Duncan REBOUND (Off:4 Def:8),,5:07,3,4,0,0,1495,Tim Duncan,SAS,San Antonio,1610612759.0,Spurs,0,,,,,,0,,,,,,,,,2:01 PM
278,1,5,313,0029900141,Duncan Bad Pass Turnover (P3.T8),,5:05,3,4,5,0,1495,Tim Duncan,SAS,San Antonio,1610612759.0,Spurs,123,Robert Pack,DAL,Dallas,1610612742.0,Mavericks,0,,,,,,,,Pack STEAL (3 STL),2:01 PM
279,5,2,314,0029900141,Duncan BLOCK (2 BLK),,4:54,3,5,0,4,714,Michael Finley,DAL,Dallas,1610612742.0,Mavericks,0,,,,,,1495,Tim Duncan,SAS,San Antonio,1610612759.0,Spurs,,,MISS Finley 8' Layup,2:01 PM
280,0,4,315,0029900141,Duncan REBOUND (Off:4 Def:9),,4:36,3,4,0,0,1495,Tim Duncan,SAS,San Antonio,1610612759.0,Spurs,0,,,,,,0,,,,,,,,,2:01 PM
281,1,1,316,0029900141,Brown 14' Jump Shot (16 PTS) (Elie 4 AST),,4:34,3,4,4,0,359,Chucky Brown,SAS,San Antonio,1610612759.0,Spurs,53,Mario Elie,SAS,San Antonio,1610612759.0,Spurs,0,,,,,,46 - 66,20,,2:01 PM
282,1,2,317,0029900141,,,4:28,3,5,0,0,762,Shawn Bradley,DAL,Dallas,1610612742.0,Mavericks,0,,,,,,0,,,,,,,,MISS Bradley 9' Jump Shot,2:01 PM
283,0,4,318,0029900141,Duncan REBOUND (Off:4 Def:10),,4:24,3,4,0,0,1495,Tim Duncan,SAS,San Antonio,1610612759.0,Spurs,0,,,,,,0,,,,,,,,,2:01 PM
284,1,5,319,0029900141,Elie Bad Pass Turnover (P3.T9),,4:10,3,4,5,0,53,Mario Elie,SAS,San Antonio,1610612759.0,Spurs,399,Sean Rooks,DAL,Dallas,1610612742.0,Mavericks,0,,,,,,,,Rooks STEAL (1 STL),2:02 PM
285,1,2,320,0029900141,Robinson BLOCK (5 BLK),,3:49,3,5,0,4,714,Michael Finley,DAL,Dallas,1610612742.0,Mavericks,0,,,,,,764,David Robinson,SAS,San Antonio,1610612759.0,Spurs,,,MISS Finley 8' Jump Shot,2:02 PM
286,0,4,321,0029900141,Duncan REBOUND (Off:4 Def:11),,3:44,3,4,0,0,1495,Tim Duncan,SAS,San Antonio,1610612759.0,Spurs,0,,,,,,0,,,,,,,,,2:02 PM
287,6,1,322,0029900141,Johnson 3' Driving Layup (12 PTS),,3:32,3,4,0,0,422,Avery Johnson,SAS,San Antonio,1610612759.0,Spurs,0,,,,,,0,,,,,,46 - 68,22,,2:02 PM
288,1,5,323,0029900141,,,3:29,3,5,0,0,399,Sean Rooks,DAL,Dallas,1610612742.0,Mavericks,0,,,,,,0,,,,,,,,Rooks Bad Pass Turnover (P1.T8),2:02 PM
289,1,1,325,0029900141,Robinson 14' Jump Shot (7 PTS) (Duncan 3 AST),,3:23,3,4,4,0,764,David Robinson,SAS,San Antonio,1610612759.0,Spurs,1495,Tim Duncan,SAS,San Antonio,1610612759.0,Spurs,0,,,,,,46 - 70,24,,2:03 PM
290,0,8,326,0029900141,SUB: Walker FOR Robinson,,3:08,3,4,4,0,764,David Robinson,SAS,San Antonio,1610612759.0,Spurs,955,Samaki Walker,SAS,San Antonio,1610612759.0,Spurs,0,,,,,,,,,2:03 PM
291,0,8,327,0029900141,,,3:08,3,5,5,0,123,Robert Pack,DAL,Dallas,1610612742.0,Mavericks,1065,Erick Strickland,DAL,Dallas,1610612742.0,Mavericks,0,,,,,,,,SUB: Strickland FOR Pack,2:03 PM
292,1,1,328,0029900141,,,2:57,3,5,5,0,399,Sean Rooks,DAL,Dallas,1610612742.0,Mavericks,93,Hubert Davis,DAL,Dallas,1610612742.0,Mavericks,0,,,,,,48 - 70,22,Rooks 13' Jump Shot (2 PTS) (Davis 2 AST),2:04 PM
293,4,6,329,0029900141,Walker OFF.Foul (P1),,2:45,3,4,5,1,955,Samaki Walker,SAS,San Antonio,1610612759.0,Spurs,399,Sean Rooks,DAL,Dallas,1610612742.0,Mavericks,0,,,,,,,,,2:04 PM
294,5,5,330,0029900141,Walker Foul Turnover (P1.T10),,2:45,3,4,0,0,955,Samaki Walker,SAS,San Antonio,1610612759.0,Spurs,0,,,,,,0,,,,,,,,,2:04 PM
295,0,8,331,0029900141,SUB: Daniels FOR Johnson,,2:45,3,4,4,0,422,Avery Johnson,SAS,San Antonio,1610612759.0,Spurs,1498,Antonio Daniels,SAS,San Antonio,1610612759.0,Spurs,0,,,,,,,,,2:04 PM
296,1,2,332,0029900141,,,2:32,3,5,0,0,1065,Erick Strickland,DAL,Dallas,1610612742.0,Mavericks,0,,,,,,0,,,,,,,,MISS Strickland 17' Jump Shot,2:05 PM
297,0,4,333,0029900141,Walker REBOUND (Off:0 Def:2),,2:29,3,4,0,0,955,Samaki Walker,SAS,San Antonio,1610612759.0,Spurs,0,,,,,,0,,,,,,,,,2:05 PM
298,1,2,334,0029900141,MISS Walker 8' Jump Shot,,2:17,3,4,0,0,955,Samaki Walker,SAS,San Antonio,1610612759.0,Spurs,0,,,,,,0,,,,,,,,,2:05 PM
299,0,4,335,0029900141,Walker REBOUND (Off:1 Def:2),,2:16,3,4,0,0,955,Samaki Walker,SAS,San Antonio,1610612759.0,Spurs,0,,,,,,0,,,,,,,,,2:05 PM
300,1,2,336,0029900141,MISS Walker 6' Jump Shot,,2:14,3,4,0,5,955,Samaki Walker,SAS,San Antonio,1610612759.0,Spurs,0,,,,,,762,Shawn Bradley,DAL,Dallas,1610612742.0,Mavericks,,,Bradley BLOCK (3 BLK),2:05 PM
301,0,4,337,0029900141,,,2:11,3,5,0,0,399,Sean Rooks,DAL,Dallas,1610612742.0,Mavericks,0,,,,,,0,,,,,,,,Rooks REBOUND (Off:0 Def:1),2:05 PM
302,2,6,338,0029900141,Daniels S.FOUL (P1.T3),,2:11,3,4,0,1,1498,Antonio Daniels,SAS,San Antonio,1610612759.0,Spurs,0,,,,,,0,,,,,,,,,2:05 PM
303,11,3,339,0029900141,,,2:11,3,5,0,0,1065,Erick Strickland,DAL,Dallas,1610612742.0,Mavericks,0,,,,,,0,,,,,,49 - 70,21,Strickland Free Throw 1 of 2 (11 PTS),2:05 PM
304,12,3,340,0029900141,,,2:11,3,5,0,0,1065,Erick Strickland,DAL,Dallas,1610612742.0,Mavericks,0,,,,,,0,,,,,,50 - 70,20,Strickland Free Throw 2 of 2 (12 PTS),2:05 PM
305,1,1,342,0029900141,Elie  3PT Jump Shot (8 PTS) (Daniels 1 AST),,1:56,3,4,4,0,53,Mario Elie,SAS,San Antonio,1610612759.0,Spurs,1498,Antonio Daniels,SAS,San Antonio,1610612759.0,Spurs,0,,,,,,50 - 73,23,,2:06 PM
306,1,1,343,0029900141,,,1:38,3,5,0,0,714,Michael Finley,DAL,Dallas,1610612742.0,Mavericks,0,,,,,,0,,,,,,53 - 73,20,Finley  3PT Jump Shot (16 PTS),2:06 PM
307,1,2,344,0029900141,MISS Brown 18' Jump Shot,,1:22,3,4,0,0,359,Chucky Brown,SAS,San Antonio,1610612759.0,Spurs,0,,,,,,0,,,,,,,,,2:06 PM
308,0,4,345,0029900141,,,1:20,3,5,0,0,399,Sean Rooks,DAL,Dallas,1610612742.0,Mavericks,0,,,,,,0,,,,,,,,Rooks REBOUND (Off:0 Def:2),2:06 PM
309,1,5,346,0029900141,,,1:18,3,5,0,0,399,Sean Rooks,DAL,Dallas,1610612742.0,Mavericks,0,,,,,,0,,,,,,,,Rooks Bad Pass Turnover (P2.T9),2:07 PM
310,3,1,347,0029900141,Duncan 6' Hook Shot (10 PTS),,1:05,3,4,0,0,1495,Tim Duncan,SAS,San Antonio,1610612759.0,Spurs,0,,,,,,0,,,,,,53 - 75,22,,2:07 PM
311,1,5,348,0029900141,Elie STEAL (2 STL),,1:01,3,5,4,0,1065,Erick Strickland,DAL,Dallas,1610612742.0,Mavericks,53,Mario Elie,SAS,San Antonio,1610612759.0,Spurs,0,,,,,,,,Strickland Bad Pass Turnover (P3.T10),2:07 PM
312,1,2,349,0029900141,MISS Walker 8' Jump Shot,,0:55,3,4,0,0,955,Samaki Walker,SAS,San Antonio,1610612759.0,Spurs,0,,,,,,0,,,,,,,,,2:07 PM
313,0,4,351,0029900141,Duncan REBOUND (Off:5 Def:11),,0:55,3,4,0,0,1495,Tim Duncan,SAS,San Antonio,1610612759.0,Spurs,0,,,,,,0,,,,,,,,,2:07 PM
314,7,1,350,0029900141,Duncan 1' Dunk (12 PTS),,0:55,3,4,0,0,1495,Tim Duncan,SAS,San Antonio,1610612759.0,Spurs,0,,,,,,0,,,,,,53 - 77,24,,2:07 PM
315,1,9,352,0029900141,,,0:55,3,3,0,0,1610612742,,,,,,0,,,,,,0,,,,,,,,Mavericks Timeout: Regular (Reg.5 Short 0),2:07 PM
316,0,8,354,0029900141,,,0:55,3,5,5,0,399,Sean Rooks,DAL,Dallas,1610612742.0,Mavericks,1717,Dirk Nowitzki,DAL,Dallas,1610612742.0,Mavericks,0,,,,,,,,SUB: Nowitzki FOR Rooks,2:09 PM
317,0,8,355,0029900141,SUB: Jackson FOR Elie,,0:55,3,4,4,0,53,Mario Elie,SAS,San Antonio,1610612759.0,Spurs,1114,Jaren Jackson,SAS,San Antonio,1610612759.0,Spurs,0,,,,,,,,,2:09 PM
318,1,2,356,0029900141,,,0:42,3,5,0,0,93,Hubert Davis,DAL,Dallas,1610612742.0,Mavericks,0,,,,,,0,,,,,,,,MISS Davis 17' Jump Shot,2:10 PM
319,0,4,357,0029900141,,,0:40,3,5,0,0,762,Shawn Bradley,DAL,Dallas,1610612742.0,Mavericks,0,,,,,,0,,,,,,,,Bradley REBOUND (Off:2 Def:6),2:10 PM
320,1,1,358,0029900141,,,0:36,3,5,5,0,1717,Dirk Nowitzki,DAL,Dallas,1610612742.0,Mavericks,762,Shawn Bradley,DAL,Dallas,1610612742.0,Mavericks,0,,,,,,55 - 77,22,Nowitzki 5' Jump Shot (11 PTS) (Bradley 2 AST),2:10 PM
321,2,6,359,0029900141,Walker S.FOUL (P2.T4),,0:36,3,4,0,1,955,Samaki Walker,SAS,San Antonio,1610612759.0,Spurs,0,,,,,,0,,,,,,,,,2:10 PM
322,10,3,360,0029900141,,,0:36,3,5,0,0,1717,Dirk Nowitzki,DAL,Dallas,1610612742.0,Mavericks,0,,,,,,0,,,,,,56 - 77,21,Nowitzki Free Throw 1 of 1 (12 PTS),2:10 PM
323,1,2,361,0029900141,MISS Daniels 3' Jump Shot,,0:24,3,4,0,5,1498,Antonio Daniels,SAS,San Antonio,1610612759.0,Spurs,0,,,,,,1717,Dirk Nowitzki,DAL,Dallas,1610612742.0,Mavericks,,,Nowitzki BLOCK (1 BLK),2:10 PM
324,0,4,362,0029900141,,,0:21,3,5,0,0,93,Hubert Davis,DAL,Dallas,1610612742.0,Mavericks,0,,,,,,0,,,,,,,,Davis REBOUND (Off:0 Def:1),2:10 PM
325,1,1,363,0029900141,,,0:14,3,5,5,0,714,Michael Finley,DAL,Dallas,1610612742.0,Mavericks,93,Hubert Davis,DAL,Dallas,1610612742.0,Mavericks,0,,,,,,59 - 77,18,Finley 24' 3PT Jump Shot (19 PTS) (Davis 3 AST),2:10 PM
326,1,2,364,0029900141,MISS Daniels 16' Jump Shot,,0:01,3,4,0,0,1498,Antonio Daniels,SAS,San Antonio,1610612759.0,Spurs,0,,,,,,0,,,,,,,,,2:11 PM
327,0,4,365,0029900141,,,0:00,3,5,0,0,714,Michael Finley,DAL,Dallas,1610612742.0,Mavericks,0,,,,,,0,,,,,,,,Finley REBOUND (Off:3 Def:4),2:11 PM
328,0,13,366,0029900141,,,0:00,3,0,0,0,0,,,,,,0,,,,,,0,,,,,,59 - 77,18,,2:11 PM
329,0,12,368,0029900141,,,12:00,4,0,0,0,0,,,,,,0,,,,,,0,,,,,,59 - 77,18,,2:13 PM
330,1,1,369,0029900141,Jackson  3PT Jump Shot (17 PTS) (Duncan 4 AST),,11:38,4,4,4,0,1114,Jaren Jackson,SAS,San Antonio,1610612759.0,Spurs,1495,Tim Duncan,SAS,San Antonio,1610612759.0,Spurs,0,,,,,,59 - 80,21,,2:14 PM
331,1,1,370,0029900141,,,11:15,4,5,5,0,93,Hubert Davis,DAL,Dallas,1610612742.0,Mavericks,1065,Erick Strickland,DAL,Dallas,1610612742.0,Mavericks,0,,,,,,61 - 80,19,Davis 19' Jump Shot (2 PTS) (Strickland 2 AST),2:14 PM
332,1,1,371,0029900141,Jackson 25' 3PT Jump Shot (20 PTS) (Duncan 5 AST),,11:03,4,4,4,0,1114,Jaren Jackson,SAS,San Antonio,1610612759.0,Spurs,1495,Tim Duncan,SAS,San Antonio,1610612759.0,Spurs,0,,,,,,61 - 83,22,,2:14 PM
333,1,2,372,0029900141,,,10:32,4,5,0,0,714,Michael Finley,DAL,Dallas,1610612742.0,Mavericks,0,,,,,,0,,,,,,,,MISS Finley 19' Jump Shot,2:15 PM
334,0,4,373,0029900141,Walker REBOUND (Off:1 Def:3),,10:30,4,4,0,0,955,Samaki Walker,SAS,San Antonio,1610612759.0,Spurs,0,,,,,,0,,,,,,,,,2:15 PM
335,5,1,374,0029900141,Daniels 2' Layup (2 PTS) (Duncan 6 AST),,10:17,4,4,4,0,1498,Antonio Daniels,SAS,San Antonio,1610612759.0,Spurs,1495,Tim Duncan,SAS,San Antonio,1610612759.0,Spurs,0,,,,,,61 - 85,24,,2:15 PM
336,2,6,375,0029900141,,,10:17,4,5,0,1,1717,Dirk Nowitzki,DAL,Dallas,1610612742.0,Mavericks,0,,,,,,0,,,,,,,,Nowitzki S.FOUL (P1.T1),2:15 PM
337,0,8,376,0029900141,SUB: Kersey FOR Brown,,10:17,4,4,4,0,359,Chucky Brown,SAS,San Antonio,1610612759.0,Spurs,760,Jerome Kersey,SAS,San Antonio,1610612759.0,Spurs,0,,,,,,,,,2:15 PM
338,0,8,378,0029900141,,,10:17,4,5,5,0,1717,Dirk Nowitzki,DAL,Dallas,1610612742.0,Mavericks,1965,Rick Hughes,DAL,Dallas,1610612742.0,Mavericks,0,,,,,,,,SUB: Hughes FOR Nowitzki,2:15 PM
339,10,3,379,0029900141,MISS Daniels Free Throw 1 of 1,,10:17,4,4,0,0,1498,Antonio Daniels,SAS,San Antonio,1610612759.0,Spurs,0,,,,,,0,,,,,,,,,2:15 PM
340,0,4,380,0029900141,,,10:15,4,5,0,0,762,Shawn Bradley,DAL,Dallas,1610612742.0,Mavericks,0,,,,,,0,,,,,,,,Bradley REBOUND (Off:2 Def:7),2:16 PM
341,1,6,381,0029900141,Kersey P.FOUL (P3.T1),,10:10,4,4,0,1,760,Jerome Kersey,SAS,San Antonio,1610612759.0,Spurs,0,,,,,,0,,,,,,,,,2:16 PM
342,3,1,393,0029900141,,,10:09,4,5,0,0,762,Shawn Bradley,DAL,Dallas,1610612742.0,Mavericks,0,,,,,,0,,,,,,63 - 85,22,Bradley 6' Hook Shot (12 PTS),2:16 PM
343,1,2,384,0029900141,MISS Jackson 25' 3PT Jump Shot,,9:45,4,4,0,0,1114,Jaren Jackson,SAS,San Antonio,1610612759.0,Spurs,0,,,,,,0,,,,,,,,,2:16 PM
344,0,4,385,0029900141,Walker REBOUND (Off:2 Def:3),,9:42,4,4,0,0,955,Samaki Walker,SAS,San Antonio,1610612759.0,Spurs,0,,,,,,0,,,,,,,,,2:16 PM
345,5,2,386,0029900141,MISS Daniels 2' Layup,,9:35,4,4,0,0,1498,Antonio Daniels,SAS,San Antonio,1610612759.0,Spurs,0,,,,,,0,,,,,,,,,2:17 PM
346,0,4,388,0029900141,Walker REBOUND (Off:3 Def:3),,9:33,4,4,0,0,955,Samaki Walker,SAS,San Antonio,1610612759.0,Spurs,0,,,,,,0,,,,,,,,,2:17 PM
347,7,1,387,0029900141,Walker  Dunk (2 PTS),,9:33,4,4,0,0,955,Samaki Walker,SAS,San Antonio,1610612759.0,Spurs,0,,,,,,0,,,,,,63 - 87,24,,2:17 PM
348,1,6,390,0029900141,Duncan P.FOUL (P4.T2),,9:17,4,4,0,1,1495,Tim Duncan,SAS,San Antonio,1610612759.0,Spurs,0,,,,,,0,,,,,,,,,2:17 PM
349,4,9,392,0029900141,,,9:17,4,1,0,0,0,,,,,,0,,,,,,0,,,,,,,,,2:17 PM
350,11,5,397,0029900141,,,9:03,4,3,0,0,1610612742,,,,,,0,,,,,,0,,,,,,,,Mavericks Turnover: Shot Clock (T#11),2:20 PM
351,1,2,399,0029900141,MISS Duncan 17' Jump Shot,,8:48,4,4,0,0,1495,Tim Duncan,SAS,San Antonio,1610612759.0,Spurs,0,,,,,,0,,,,,,,,,2:20 PM
352,0,4,400,0029900141,,,8:46,4,5,0,0,714,Michael Finley,DAL,Dallas,1610612742.0,Mavericks,0,,,,,,0,,,,,,,,Finley REBOUND (Off:3 Def:5),2:20 PM
353,1,1,401,0029900141,,,8:36,4,5,5,0,93,Hubert Davis,DAL,Dallas,1610612742.0,Mavericks,714,Michael Finley,DAL,Dallas,1610612742.0,Mavericks,0,,,,,,66 - 87,21,Davis 26' 3PT Jump Shot (5 PTS) (Finley 3 AST),2:20 PM
354,5,2,402,0029900141,MISS Daniels 2' Layup,,8:25,4,4,0,5,1498,Antonio Daniels,SAS,San Antonio,1610612759.0,Spurs,0,,,,,,762,Shawn Bradley,DAL,Dallas,1610612742.0,Mavericks,,,Bradley BLOCK (4 BLK),2:20 PM
355,0,4,403,0029900141,,,8:21,4,5,0,0,714,Michael Finley,DAL,Dallas,1610612742.0,Mavericks,0,,,,,,0,,,,,,,,Finley REBOUND (Off:3 Def:6),2:20 PM
356,1,2,404,0029900141,Jackson BLOCK (1 BLK),,8:18,4,5,0,4,1965,Rick Hughes,DAL,Dallas,1610612742.0,Mavericks,0,,,,,,1114,Jaren Jackson,SAS,San Antonio,1610612759.0,Spurs,,,MISS Hughes 3' Jump Shot,2:20 PM
357,0,4,405,0029900141,,,8:15,4,5,0,0,1965,Rick Hughes,DAL,Dallas,1610612742.0,Mavericks,0,,,,,,0,,,,,,,,Hughes REBOUND (Off:1 Def:0),2:20 PM
358,1,1,407,0029900141,,,8:12,4,5,5,0,93,Hubert Davis,DAL,Dallas,1610612742.0,Mavericks,714,Michael Finley,DAL,Dallas,1610612742.0,Mavericks,0,,,,,,68 - 87,19,Davis 21' Jump Shot (7 PTS) (Finley 4 AST),2:20 PM
359,1,5,408,0029900141,Daniels Bad Pass Turnover (P1.T11),,7:55,4,4,5,0,1498,Antonio Daniels,SAS,San Antonio,1610612759.0,Spurs,714,Michael Finley,DAL,Dallas,1610612742.0,Mavericks,0,,,,,,,,Finley STEAL (1 STL),2:21 PM
360,2,6,409,0029900141,Jackson S.FOUL (P2.T3),,7:53,4,4,0,1,1114,Jaren Jackson,SAS,San Antonio,1610612759.0,Spurs,0,,,,,,0,,,,,,,,,2:21 PM
361,11,3,410,0029900141,,,7:53,4,5,0,0,1065,Erick Strickland,DAL,Dallas,1610612742.0,Mavericks,0,,,,,,0,,,,,,69 - 87,18,Strickland Free Throw 1 of 2 (13 PTS),2:21 PM
362,12,3,411,0029900141,,,7:53,4,5,0,0,1065,Erick Strickland,DAL,Dallas,1610612742.0,Mavericks,0,,,,,,0,,,,,,70 - 87,17,Strickland Free Throw 2 of 2 (14 PTS),2:22 PM
363,5,1,413,0029900141,Walker 2' Layup (4 PTS) (Duncan 7 AST),,7:33,4,4,4,0,955,Samaki Walker,SAS,San Antonio,1610612759.0,Spurs,1495,Tim Duncan,SAS,San Antonio,1610612759.0,Spurs,0,,,,,,70 - 89,19,,2:22 PM
364,1,2,414,0029900141,,,7:23,4,5,0,0,714,Michael Finley,DAL,Dallas,1610612742.0,Mavericks,0,,,,,,0,,,,,,,,MISS Finley 25' 3PT Jump Shot,2:22 PM
365,0,4,415,0029900141,Daniels REBOUND (Off:0 Def:1),,7:21,4,4,0,0,1498,Antonio Daniels,SAS,San Antonio,1610612759.0,Spurs,0,,,,,,0,,,,,,,,,2:22 PM
366,1,2,416,0029900141,MISS Jackson 25' 3PT Jump Shot,,7:17,4,4,0,0,1114,Jaren Jackson,SAS,San Antonio,1610612759.0,Spurs,0,,,,,,0,,,,,,,,,2:22 PM
367,0,4,417,0029900141,,,7:14,4,5,0,0,1965,Rick Hughes,DAL,Dallas,1610612742.0,Mavericks,0,,,,,,0,,,,,,,,Hughes REBOUND (Off:1 Def:1),2:22 PM
368,1,1,418,0029900141,,,7:05,4,5,5,0,762,Shawn Bradley,DAL,Dallas,1610612742.0,Mavericks,93,Hubert Davis,DAL,Dallas,1610612742.0,Mavericks,0,,,,,,72 - 89,17,Bradley 16' Jump Shot (14 PTS) (Davis 4 AST),2:22 PM
369,1,1,419,0029900141,Duncan 13' Jump Shot (14 PTS) (Kersey 1 AST),,6:49,4,4,4,0,1495,Tim Duncan,SAS,San Antonio,1610612759.0,Spurs,760,Jerome Kersey,SAS,San Antonio,1610612759.0,Spurs,0,,,,,,72 - 91,19,,2:23 PM
370,1,2,420,0029900141,,,6:32,4,5,0,0,762,Shawn Bradley,DAL,Dallas,1610612742.0,Mavericks,0,,,,,,0,,,,,,,,MISS Bradley 17' Jump Shot,2:23 PM
371,0,4,421,0029900141,,,6:29,4,5,0,0,1965,Rick Hughes,DAL,Dallas,1610612742.0,Mavericks,0,,,,,,0,,,,,,,,Hughes REBOUND (Off:2 Def:1),2:23 PM
372,1,2,422,0029900141,,,6:25,4,5,0,0,93,Hubert Davis,DAL,Dallas,1610612742.0,Mavericks,0,,,,,,0,,,,,,,,MISS Davis 19' Jump Shot,2:23 PM
373,0,4,423,0029900141,Duncan REBOUND (Off:5 Def:12),,6:22,4,4,0,0,1495,Tim Duncan,SAS,San Antonio,1610612759.0,Spurs,0,,,,,,0,,,,,,,,,2:23 PM
374,1,1,424,0029900141,Jackson 25' 3PT Jump Shot (23 PTS) (Kersey 2 AST),,6:15,4,4,4,0,1114,Jaren Jackson,SAS,San Antonio,1610612759.0,Spurs,760,Jerome Kersey,SAS,San Antonio,1610612759.0,Spurs,0,,,,,,72 - 94,22,,2:23 PM
375,1,1,425,0029900141,,,5:47,4,5,5,0,762,Shawn Bradley,DAL,Dallas,1610612742.0,Mavericks,1065,Erick Strickland,DAL,Dallas,1610612742.0,Mavericks,0,,,,,,74 - 94,20,Bradley 10' Jump Shot (16 PTS) (Strickland 3 AST),2:24 PM
376,4,6,426,0029900141,Duncan OFF.Foul (P5),,5:32,4,4,5,1,1495,Tim Duncan,SAS,San Antonio,1610612759.0,Spurs,762,Shawn Bradley,DAL,Dallas,1610612742.0,Mavericks,0,,,,,,,,,2:24 PM
377,5,5,427,0029900141,Duncan Foul Turnover (P4.T12),,5:32,4,4,0,0,1495,Tim Duncan,SAS,San Antonio,1610612759.0,Spurs,0,,,,,,0,,,,,,,,,2:24 PM
378,1,9,428,0029900141,SPURS Timeout: Regular (Full 4 Short 1),,5:32,4,2,0,0,1610612759,,,,,,0,,,,,,0,,,,,,,,,2:24 PM
379,0,8,430,0029900141,,,5:32,4,5,5,0,714,Michael Finley,DAL,Dallas,1610612742.0,Mavericks,1717,Dirk Nowitzki,DAL,Dallas,1610612742.0,Mavericks,0,,,,,,,,SUB: Nowitzki FOR Finley,2:26 PM
380,1,2,431,0029900141,,,5:14,4,5,0,0,1717,Dirk Nowitzki,DAL,Dallas,1610612742.0,Mavericks,0,,,,,,0,,,,,,,,MISS Nowitzki 19' Jump Shot,2:27 PM
381,0,4,432,0029900141,Walker REBOUND (Off:3 Def:4),,5:08,4,4,0,0,955,Samaki Walker,SAS,San Antonio,1610612759.0,Spurs,0,,,,,,0,,,,,,,,,2:27 PM
382,1,2,433,0029900141,MISS Walker 18' Jump Shot,,5:01,4,4,0,0,955,Samaki Walker,SAS,San Antonio,1610612759.0,Spurs,0,,,,,,0,,,,,,,,,2:27 PM
383,0,4,434,0029900141,,,4:59,4,5,0,0,1065,Erick Strickland,DAL,Dallas,1610612742.0,Mavericks,0,,,,,,0,,,,,,,,Strickland REBOUND (Off:0 Def:6),2:27 PM
384,1,2,435,0029900141,,,4:54,4,5,0,0,93,Hubert Davis,DAL,Dallas,1610612742.0,Mavericks,0,,,,,,0,,,,,,,,MISS Davis 25' 3PT Jump Shot,2:27 PM
385,0,4,436,0029900141,SPURS Rebound,,4:51,4,2,0,0,1610612759,,,,,,0,,,,,,0,,,,,,,,,2:27 PM
386,0,8,437,0029900141,SUB: Rose FOR Duncan,,4:51,4,4,4,0,1495,Tim Duncan,SAS,San Antonio,1610612759.0,Spurs,990,Malik Rose,SAS,San Antonio,1610612759.0,Spurs,0,,,,,,,,,2:27 PM
387,1,2,438,0029900141,MISS Jackson  3PT Jump Shot,,4:34,4,4,0,0,1114,Jaren Jackson,SAS,San Antonio,1610612759.0,Spurs,0,,,,,,0,,,,,,,,,2:27 PM
388,0,4,439,0029900141,,,4:31,4,5,0,0,1717,Dirk Nowitzki,DAL,Dallas,1610612742.0,Mavericks,0,,,,,,0,,,,,,,,Nowitzki REBOUND (Off:4 Def:7),2:27 PM
389,5,1,440,0029900141,,,4:26,4,5,5,0,1965,Rick Hughes,DAL,Dallas,1610612742.0,Mavericks,93,Hubert Davis,DAL,Dallas,1610612742.0,Mavericks,0,,,,,,76 - 94,18,Hughes 2' Layup (2 PTS) (Davis 5 AST),2:27 PM
390,5,1,441,0029900141,Daniels 2' Layup (4 PTS),,4:11,4,4,0,0,1498,Antonio Daniels,SAS,San Antonio,1610612759.0,Spurs,0,,,,,,0,,,,,,76 - 96,20,,2:28 PM
391,1,2,442,0029900141,,,3:56,4,5,0,0,1965,Rick Hughes,DAL,Dallas,1610612742.0,Mavericks,0,,,,,,0,,,,,,,,MISS Hughes 13' Jump Shot,2:28 PM
392,0,4,443,0029900141,,,3:53,4,5,0,0,762,Shawn Bradley,DAL,Dallas,1610612742.0,Mavericks,0,,,,,,0,,,,,,,,Bradley REBOUND (Off:3 Def:7),2:28 PM
393,5,1,444,0029900141,,,3:51,4,5,5,0,1965,Rick Hughes,DAL,Dallas,1610612742.0,Mavericks,762,Shawn Bradley,DAL,Dallas,1610612742.0,Mavericks,0,,,,,,78 - 96,18,Hughes 3' Layup (4 PTS) (Bradley 3 AST),2:28 PM
394,1,1,445,0029900141,Kersey 17' Jump Shot (6 PTS) (Daniels 2 AST),,3:25,4,4,4,0,760,Jerome Kersey,SAS,San Antonio,1610612759.0,Spurs,1498,Antonio Daniels,SAS,San Antonio,1610612759.0,Spurs,0,,,,,,78 - 98,20,,2:29 PM
395,1,1,446,0029900141,,,3:16,4,5,5,0,1717,Dirk Nowitzki,DAL,Dallas,1610612742.0,Mavericks,1065,Erick Strickland,DAL,Dallas,1610612742.0,Mavericks,0,,,,,,80 - 98,18,Nowitzki 16' Jump Shot (14 PTS) (Strickland 4 AST),2:29 PM
396,2,9,447,0029900141,SPURS Timeout: Short (Full 4 Short 2),,3:14,4,2,0,0,1610612759,,,,,,0,,,,,,0,,,,,,,,,2:29 PM
397,0,8,449,0029900141,SUB: Kerr FOR Jackson,,3:14,4,4,4,0,1114,Jaren Jackson,SAS,San Antonio,1610612759.0,Spurs,70,Steve Kerr,SAS,San Antonio,1610612759.0,Spurs,0,,,,,,,,,2:29 PM
398,0,8,450,0029900141,,,3:14,4,5,5,0,762,Shawn Bradley,DAL,Dallas,1610612742.0,Mavericks,1743,Bruno Sundov,DAL,Dallas,1610612742.0,Mavericks,0,,,,,,,,SUB: Sundov FOR Bradley,2:29 PM
399,1,5,451,0029900141,Rose Bad Pass Turnover (P1.T13),,2:56,4,4,5,0,990,Malik Rose,SAS,San Antonio,1610612759.0,Spurs,1965,Rick Hughes,DAL,Dallas,1610612742.0,Mavericks,0,,,,,,,,Hughes STEAL (1 STL),2:30 PM
400,1,9,452,0029900141,,,2:53,4,3,0,0,1610612742,,,,,,0,,,,,,0,,,,,,,,Mavericks Timeout: Regular (Reg.6 Short 0),2:30 PM
401,1,1,454,0029900141,,,2:51,4,5,5,0,1743,Bruno Sundov,DAL,Dallas,1610612742.0,Mavericks,93,Hubert Davis,DAL,Dallas,1610612742.0,Mavericks,0,,,,,,82 - 98,16,Sundov 14' Jump Shot (2 PTS) (Davis 6 AST),2:32 PM
402,1,2,455,0029900141,MISS Kerr 16' Jump Shot,,2:34,4,4,0,0,70,Steve Kerr,SAS,San Antonio,1610612759.0,Spurs,0,,,,,,0,,,,,,,,,2:32 PM
403,0,4,456,0029900141,,,2:32,4,5,0,0,1717,Dirk Nowitzki,DAL,Dallas,1610612742.0,Mavericks,0,,,,,,0,,,,,,,,Nowitzki REBOUND (Off:4 Def:8),2:32 PM
404,1,2,457,0029900141,Walker BLOCK (1 BLK),,2:27,4,5,0,4,1743,Bruno Sundov,DAL,Dallas,1610612742.0,Mavericks,0,,,,,,955,Samaki Walker,SAS,San Antonio,1610612759.0,Spurs,,,MISS Sundov 3' Jump Shot,2:32 PM
405,0,4,458,0029900141,Kersey REBOUND (Off:0 Def:2),,2:23,4,4,0,0,760,Jerome Kersey,SAS,San Antonio,1610612759.0,Spurs,0,,,,,,0,,,,,,,,,2:32 PM
406,1,2,459,0029900141,MISS Kerr 25' 3PT Jump Shot,,2:13,4,4,0,0,70,Steve Kerr,SAS,San Antonio,1610612759.0,Spurs,0,,,,,,0,,,,,,,,,2:33 PM
407,0,4,460,0029900141,,,2:12,4,3,0,0,1610612742,,,,,,0,,,,,,0,,,,,,,,Mavericks Rebound,2:33 PM
408,3,6,461,0029900141,Rose L.B.FOUL (P3.T4),,2:12,4,4,0,1,990,Malik Rose,SAS,San Antonio,1610612759.0,Spurs,0,,,,,,0,,,,,,,,,2:33 PM
409,5,1,462,0029900141,,,2:02,4,5,0,0,93,Hubert Davis,DAL,Dallas,1610612742.0,Mavericks,0,,,,,,0,,,,,,84 - 98,14,Davis 1' Layup (9 PTS),2:33 PM
410,1,2,463,0029900141,MISS Kersey 19' Jump Shot,,1:50,4,4,0,0,760,Jerome Kersey,SAS,San Antonio,1610612759.0,Spurs,0,,,,,,0,,,,,,,,,2:33 PM
411,0,4,464,0029900141,,,1:48,4,5,0,0,1965,Rick Hughes,DAL,Dallas,1610612742.0,Mavericks,0,,,,,,0,,,,,,,,Hughes REBOUND (Off:2 Def:2),2:33 PM
412,8,1,465,0029900141,,,1:38,4,5,5,0,1965,Rick Hughes,DAL,Dallas,1610612742.0,Mavericks,93,Hubert Davis,DAL,Dallas,1610612742.0,Mavericks,0,,,,,,86 - 98,12,Hughes 2' Slam Dunk (6 PTS) (Davis 7 AST),2:33 PM
413,1,1,466,0029900141,Kerr 25' 3PT Jump Shot (3 PTS) (Daniels 3 AST),,1:22,4,4,4,0,70,Steve Kerr,SAS,San Antonio,1610612759.0,Spurs,1498,Antonio Daniels,SAS,San Antonio,1610612759.0,Spurs,0,,,,,,86 - 101,15,,2:34 PM
414,1,2,467,0029900141,Daniels BLOCK (1 BLK),,1:12,4,5,0,4,1065,Erick Strickland,DAL,Dallas,1610612742.0,Mavericks,0,,,,,,1498,Antonio Daniels,SAS,San Antonio,1610612759.0,Spurs,,,MISS Strickland 7' Jump Shot,2:34 PM
415,0,4,468,0029900141,Daniels REBOUND (Off:0 Def:2),,1:09,4,4,0,0,1498,Antonio Daniels,SAS,San Antonio,1610612759.0,Spurs,0,,,,,,0,,,,,,,,,2:34 PM
416,2,6,469,0029900141,,,1:08,4,5,0,1,1717,Dirk Nowitzki,DAL,Dallas,1610612742.0,Mavericks,0,,,,,,0,,,,,,,,Nowitzki S.FOUL (P2.T2),2:34 PM
417,11,3,470,0029900141,MISS Daniels Free Throw 1 of 2,,1:08,4,4,0,0,1498,Antonio Daniels,SAS,San Antonio,1610612759.0,Spurs,0,,,,,,0,,,,,,,,,2:34 PM
418,1,4,471,0029900141,SPURS Rebound,,1:08,4,2,0,0,1610612759,,,,,,0,,,,,,0,,,,,,,,,2:34 PM
419,12,3,472,0029900141,MISS Daniels Free Throw 2 of 2,,1:08,4,4,0,0,1498,Antonio Daniels,SAS,San Antonio,1610612759.0,Spurs,0,,,,,,0,,,,,,,,,2:35 PM
420,0,4,473,0029900141,,,1:07,4,5,0,0,1965,Rick Hughes,DAL,Dallas,1610612742.0,Mavericks,0,,,,,,0,,,,,,,,Hughes REBOUND (Off:2 Def:3),2:35 PM
421,1,1,474,0029900141,,,0:52,4,5,5,0,1717,Dirk Nowitzki,DAL,Dallas,1610612742.0,Mavericks,1965,Rick Hughes,DAL,Dallas,1610612742.0,Mavericks,0,,,,,,88 - 101,13,Nowitzki 11' Jump Shot (16 PTS) (Hughes 1 AST),2:35 PM
422,1,2,475,0029900141,MISS Daniels 20' Jump Shot,,0:34,4,4,0,0,1498,Antonio Daniels,SAS,San Antonio,1610612759.0,Spurs,0,,,,,,0,,,,,,,,,2:35 PM
423,0,4,476,0029900141,Walker REBOUND (Off:4 Def:4),,0:32,4,4,0,0,955,Samaki Walker,SAS,San Antonio,1610612759.0,Spurs,0,,,,,,0,,,,,,,,,2:35 PM
424,1,1,477,0029900141,Kerr  3PT Jump Shot (6 PTS) (Walker 1 AST),,0:30,4,4,4,0,70,Steve Kerr,SAS,San Antonio,1610612759.0,Spurs,955,Samaki Walker,SAS,San Antonio,1610612759.0,Spurs,0,,,,,,88 - 104,16,,2:35 PM
425,1,2,478,0029900141,Rose BLOCK (1 BLK),,0:11,4,5,0,4,1965,Rick Hughes,DAL,Dallas,1610612742.0,Mavericks,0,,,,,,990,Malik Rose,SAS,San Antonio,1610612759.0,Spurs,,,MISS Hughes 7' Jump Shot,2:36 PM
426,0,4,479,0029900141,,,0:08,4,5,0,0,1065,Erick Strickland,DAL,Dallas,1610612742.0,Mavericks,0,,,,,,0,,,,,,,,Strickland REBOUND (Off:1 Def:6),2:36 PM
427,1,2,480,0029900141,,,0:06,4,5,0,0,1065,Erick Strickland,DAL,Dallas,1610612742.0,Mavericks,0,,,,,,0,,,,,,,,MISS Strickland  3PT Jump Shot,2:36 PM
428,0,4,482,0029900141,,,0:05,4,5,0,0,1743,Bruno Sundov,DAL,Dallas,1610612742.0,Mavericks,0,,,,,,0,,,,,,,,Sundov REBOUND (Off:1 Def:0),2:36 PM
429,5,1,481,0029900141,,,0:05,4,5,0,0,1743,Bruno Sundov,DAL,Dallas,1610612742.0,Mavericks,0,,,,,,0,,,,,,90 - 104,14,Sundov 2' Layup (4 PTS),2:36 PM
430,5,1,483,0029900141,Daniels 2' Layup (6 PTS),,0:01,4,4,0,0,1498,Antonio Daniels,SAS,San Antonio,1610612759.0,Spurs,0,,,,,,0,,,,,,90 - 106,16,,2:36 PM
431,0,13,484,0029900141,,,0:00,4,0,0,0,0,,,,,,0,,,,,,0,,,,,,90 - 106,16,,2:36 PM
